224,2 348,2 398,1 395,3 426,2 0,0 0,0 1,1
442,1 339,1 389,2 0,0 0,0 0,0 0,0 1,1
224,2 339,1 389,1 0,0 0,0 0,0 0,0 1,1
442,1 348,2 514,3 380,1 367,3 0,0 0,0 1,1
224,1 542,1 404,1 408,1 0,0 0,0 0,0 1,1
552,1 541,1 539,1 0,0 0,0 0,0 0,0 1,1
224,2 408,1 482,2 398,1 0,0 0,0 0,0 1,1
442,1 348,2 347,2 0,0 0,0 0,0 0,0 2,2
552,1 339,1 546,1 0,0 0,0 0,0 0,0 1,1
224,1 343,1 345,1 0,0 0,0 0,0 0,0 1,1
552,2 532,3 542,1 0,0 0,0 0,0 0,0 1,1
224,1 533,1 0,0 0,0 0,0 0,0 0,0 1,1
224,2 542,2 533,3 0,0 0,0 0,0 0,0 1,1
224,1 542,1 404,1 0,0 0,0 0,0 0,0 65,88
224,1 542,1 533,1 0,0 0,0 0,0 0,0 139,202
552,1 339,1 0,0 0,0 0,0 0,0 0,0 10,16
224,1 343,1 409,1 345,1 414,1 0,0 0,0 10,17
224,1 339,1 389,1 0,0 0,0 0,0 0,0 21,36
224,1 361,1 542,1 359,1 0,0 0,0 0,0 17,32
224,1 514,1 348,1 546,1 0,0 0,0 0,0 1,2
224,1 409,1 345,1 542,1 546,1 0,0 0,0 1,2
552,1 544,1 527,1 0,0 0,0 0,0 0,0 1,2
224,1 533,1 542,1 0,0 0,0 0,0 0,0 3,6
224,2 348,2 398,3 395,3 426,3 0,0 0,0 1,2
224,1 514,1 373,1 542,1 367,1 0,0 0,0 1,2
552,1 532,1 0,0 0,0 0,0 0,0 0,0 2,4
224,1 348,1 398,1 395,1 426,1 0,0 0,0 23,49
552,1 514,1 543,1 0,0 0,0 0,0 0,0 3,7
224,1 436,1 426,1 172,1 389,1 0,0 0,0 3,7
224,1 514,1 373,1 542,1 426,1 0,0 0,0 2,5
224,1 367,1 514,1 373,1 542,1 0,0 0,0 2,5
224,1 514,1 373,1 542,1 546,1 0,0 0,0 6,16
224,1 514,1 373,1 542,1 0,0 0,0 0,0 3,8
224,1 348,1 542,1 0,0 0,0 0,0 0,0 2,6
224,1 348,1 389,1 0,0 0,0 0,0 0,0 8,25
224,1 353,1 348,1 542,1 0,0 0,0 0,0 1,4
552,1 544,1 542,1 0,0 0,0 0,0 0,0 1,4
552,1 333,1 0,0 0,0 0,0 0,0 0,0 1,4
442,1 394,1 199,1 237,1 0,0 0,0 0,0 0,1
224,1 339,1 0,0 0,0 0,0 0,0 0,0 0,1
442,1 348,2 389,2 0,0 0,0 0,0 0,0 0,1
262,2 348,2 424,3 0,0 0,0 0,0 0,0 0,1
552,1 426,1 0,0 0,0 0,0 0,0 0,0 0,10
224,1 409,1 348,1 411,1 0,0 0,0 0,0 0,2
224,1 162,1 398,1 396,1 0,0 0,0 0,0 0,1
224,1 333,1 398,1 0,0 0,0 0,0 0,0 0,1
554,1 422,1 348,2 455,2 0,0 0,0 0,0 0,1
224,1 361,1 358,1 138,1 136,1 0,0 0,0 0,1
224,1 348,1 354,1 0,0 0,0 0,0 0,0 0,1
224,2 348,1 411,3 0,0 0,0 0,0 0,0 0,1
224,1 527,1 361,1 542,1 546,1 0,0 0,0 0,1
554,1 348,2 408,1 346,2 0,0 0,0 0,0 0,1
224,1 348,1 346,1 367,1 426,1 0,0 0,0 0,1
224,2 348,2 398,1 395,1 426,3 0,0 0,0 0,1
442,1 348,1 387,1 381,3 0,0 0,0 0,0 0,1
224,1 348,1 359,1 0,0 0,0 0,0 0,0 0,4
224,1 348,1 458,1 0,0 0,0 0,0 0,0 0,2
224,1 426,1 348,1 351,1 0,0 0,0 0,0 0,3
552,2 339,1 0,0 0,0 0,0 0,0 0,0 0,1
224,1 348,1 409,1 411,1 0,0 0,0 0,0 0,1
442,1 343,3 422,1 420,1 346,2 448,1 542,1 0,1
262,2 542,2 289,2 398,1 0,0 0,0 0,0 0,1
552,1 348,1 398,1 0,0 0,0 0,0 0,0 0,1
554,1 434,1 394,1 387,2 0,0 0,0 0,0 0,1
224,1 348,1 341,1 0,0 0,0 0,0 0,0 0,1
224,1 348,1 542,1 409,1 0,0 0,0 0,0 0,1
552,2 321,1 422,1 0,0 0,0 0,0 0,0 0,1
552,1 538,1 0,0 0,0 0,0 0,0 0,0 0,1
224,1 409,1 0,0 0,0 0,0 0,0 0,0 0,2
224,1 348,1 398,1 346,1 0,0 0,0 0,0 0,1
224,1 348,1 542,1 546,1 0,0 0,0 0,0 0,1
224,1 380,1 348,1 514,1 367,1 0,0 0,0 0,1
