442,1 436,1 542,1 337,3 394,1 0,0 0,0 1,1
442,1 514,1 436,1 542,1 0,0 0,0 0,0 1,1
262,1 339,1 387,1 0,0 0,0 0,0 0,0 9,9
262,1 180,1 184,1 367,1 0,0 0,0 0,0 11,11
442,1 422,1 444,1 0,0 0,0 0,0 0,0 1,1
262,2 348,2 387,2 0,0 0,0 0,0 0,0 1,1
224,1 348,1 337,1 0,0 0,0 0,0 0,0 1,1
552,2 348,1 426,1 0,0 0,0 0,0 0,0 1,1
262,2 348,2 542,2 0,0 0,0 0,0 0,0 1,1
552,1 542,1 514,1 311,1 0,0 0,0 0,0 1,1
262,1 376,1 380,1 367,1 0,0 0,0 0,0 1,1
224,1 514,1 436,1 542,1 380,1 0,0 0,0 8,8
442,1 334,3 542,1 426,1 0,0 0,0 0,0 1,1
262,2 361,1 436,1 0,0 0,0 0,0 0,0 1,1
262,1 361,1 359,1 138,1 0,0 0,0 0,0 5,5
262,1 426,1 188,1 0,0 0,0 0,0 0,0 1,1
262,1 339,1 387,1 394,1 0,0 0,0 0,0 1,1
262,1 348,1 408,1 346,1 0,0 0,0 0,0 2,2
224,1 394,1 436,1 542,1 337,1 0,0 0,0 1,1
442,1 436,1 542,2 337,3 394,1 0,0 0,0 1,1
442,1 348,2 337,3 0,0 0,0 0,0 0,0 1,1
224,1 426,1 436,1 373,1 0,0 0,0 0,0 1,1
262,2 348,2 387,1 394,1 0,0 0,0 0,0 1,1
240,2 334,3 373,2 0,0 0,0 0,0 0,0 1,1
552,1 426,1 436,1 542,1 0,0 0,0 0,0 1,1
224,1 546,1 436,1 542,1 414,1 0,0 0,0 1,1
291,1 436,1 414,2 277,1 422,1 0,0 0,0 1,1
262,2 348,1 411,1 0,0 0,0 0,0 0,0 1,1
224,1 349,1 436,1 0,0 0,0 0,0 0,0 3,3
262,2 426,3 188,1 0,0 0,0 0,0 0,0 1,1
224,1 453,1 0,0 0,0 0,0 0,0 0,0 1,1
224,1 422,1 409,1 436,1 542,1 414,1 0,0 1,1
262,1 348,1 411,1 0,0 0,0 0,0 0,0 1,1
262,1 394,1 339,1 387,1 0,0 0,0 0,0 1,1
262,1 361,1 359,1 346,1 0,0 0,0 0,0 5,6
224,1 169,1 436,1 172,1 337,1 0,0 0,0 12,16
224,1 340,1 542,1 359,1 0,0 0,0 0,0 2,3
224,1 361,1 436,1 0,0 0,0 0,0 0,0 14,22
224,1 444,1 0,0 0,0 0,0 0,0 0,0 13,22
224,1 348,1 0,0 0,0 0,0 0,0 0,0 1,2
552,1 542,1 519,1 0,0 0,0 0,0 0,0 1,2
552,1 339,1 0,0 0,0 0,0 0,0 0,0 1,2
262,2 348,2 426,3 346,2 0,0 0,0 0,0 1,2
224,1 542,1 151,1 414,1 0,0 0,0 0,0 7,15
224,1 542,1 348,1 0,0 0,0 0,0 0,0 6,13
224,1 356,1 542,1 340,1 0,0 0,0 0,0 3,7
224,1 409,1 343,1 151,1 414,1 0,0 0,0 28,66
224,1 348,1 359,1 0,0 0,0 0,0 0,0 6,15
224,1 514,1 373,1 542,1 0,0 0,0 0,0 4,11
224,1 343,1 409,1 151,1 414,1 0,0 0,0 1,3
224,1 343,1 151,1 542,1 0,0 0,0 0,0 2,7
224,1 162,1 163,1 0,0 0,0 0,0 0,0 2,9
224,1 348,1 172,1 169,1 0,0 0,0 0,0 1,6
200,1 349,3 542,1 359,2 0,0 0,0 0,0 0,1
224,1 343,1 542,1 414,1 351,1 546,1 0,0 0,1
224,1 542,1 340,1 359,1 0,0 0,0 0,0 0,2
442,1 542,2 349,3 414,2 0,0 0,0 0,0 0,1
442,1 542,2 436,1 346,2 426,1 0,0 0,0 0,1
442,1 542,1 436,1 346,2 426,1 0,0 0,0 0,1
224,1 361,1 0,0 0,0 0,0 0,0 0,0 0,2
552,1 536,1 542,1 0,0 0,0 0,0 0,0 0,1
442,1 349,1 436,1 0,0 0,0 0,0 0,0 0,1
224,1 343,1 542,1 414,1 411,1 409,1 0,0 0,1
224,1 361,1 346,1 359,1 0,0 0,0 0,0 0,1
442,1 346,2 427,1 350,2 0,0 0,0 0,0 0,1
442,1 348,1 351,2 0,0 0,0 0,0 0,0 0,1
442,1 349,3 436,1 0,0 0,0 0,0 0,0 0,1
224,1 426,1 427,1 351,1 0,0 0,0 0,0 0,1
442,1 394,1 436,1 542,2 337,3 0,0 0,0 0,1
503,1 426,1 188,1 0,0 0,0 0,0 0,0 0,1
224,1 368,1 373,1 0,0 0,0 0,0 0,0 0,1
224,1 409,1 0,0 0,0 0,0 0,0 0,0 0,1
442,1 349,3 436,1 394,1 0,0 0,0 0,0 0,1
224,1 348,1 346,1 0,0 0,0 0,0 0,0 0,1
224,1 353,1 0,0 0,0 0,0 0,0 0,0 0,2
552,1 305,1 172,1 169,1 0,0 0,0 0,0 0,1
262,2 428,2 394,1 490,3 337,3 296,1 0,0 0,1
240,2 354,1 350,2 353,1 0,0 0,0 0,0 0,1
