291,1 492,1 450,1 203,1 188,1 242,3 186,1 1,1
552,1 434,1 450,1 433,1 493,1 315,1 210,1 1,1
554,1 348,2 294,2 433,1 423,3 494,3 475,3 1,1
442,1 432,1 450,1 433,1 421,1 419,1 435,1 14,14
552,1 376,1 315,1 371,1 512,1 545,1 372,1 1,1
224,1 348,1 436,1 433,1 357,1 362,1 360,1 8,8
552,2 514,2 315,1 371,2 372,1 179,1 433,1 1,1
552,2 339,1 390,1 310,1 519,2 433,1 391,1 1,1
291,1 492,1 450,1 390,1 177,1 242,3 339,1 1,1
442,1 348,2 339,1 384,3 470,3 491,2 472,2 4,4
240,2 533,2 508,1 345,2 433,1 531,1 152,1 1,1
291,1 492,1 271,1 469,1 556,1 433,1 188,1 1,1
442,1 348,2 523,1 357,3 445,1 360,1 362,1 1,1
554,1 348,2 450,1 433,1 379,1 371,3 372,2 4,4
291,1 255,1 450,1 433,1 242,3 491,1 492,1 1,1
224,1 348,1 345,1 421,1 419,1 417,1 529,1 1,1
224,2 348,1 533,3 345,1 344,2 415,1 417,1 1,1
291,1 492,1 450,1 433,1 469,1 556,1 199,1 1,1
291,1 492,1 450,1 433,1 390,1 474,1 177,1 2,2
291,1 348,2 450,1 433,1 339,1 391,1 470,3 1,1
224,2 533,3 348,2 345,1 415,1 531,2 417,1 1,1
442,1 508,3 450,1 433,1 491,2 242,3 243,2 1,1
291,1 492,1 488,2 433,1 242,3 419,1 491,1 1,1
224,1 348,1 508,1 365,1 433,1 242,1 435,1 1,1
552,1 533,1 345,1 415,1 320,1 486,1 531,1 1,1
442,1 488,1 450,1 433,1 421,1 494,3 491,1 1,1
224,2 444,1 436,1 345,2 421,1 415,2 433,1 1,1
224,1 348,1 151,1 152,1 345,1 242,1 192,1 1,1
224,2 348,2 450,1 345,2 457,2 417,2 152,1 1,1
442,1 432,1 333,2 433,1 406,1 242,1 407,1 1,1
224,2 533,3 348,2 344,2 345,2 415,2 417,2 2,2
291,1 376,2 271,1 188,1 433,1 469,1 492,1 1,1
224,1 533,1 348,1 531,1 415,1 417,1 345,1 1,1
552,2 348,2 299,3 433,1 535,1 406,1 491,2 1,1
442,1 255,1 492,1 242,1 448,1 493,1 433,1 1,1
552,2 348,2 521,3 520,3 306,1 339,1 508,3 1,1
552,1 532,1 542,1 321,1 531,1 505,1 543,1 1,1
224,1 475,1 508,1 242,1 478,1 491,1 348,1 1,1
224,1 539,1 434,1 348,1 333,1 401,1 423,1 1,1
552,1 376,1 514,1 315,1 542,1 371,1 372,1 1,1
442,1 152,1 533,2 345,1 415,1 417,1 344,1 1,1
552,2 348,2 308,1 516,1 520,3 385,3 435,1 3,3
291,1 348,2 450,1 433,1 203,1 242,1 199,1 1,1
291,1 492,1 450,1 433,1 493,1 406,2 407,1 5,5
552,2 376,1 450,1 315,1 242,1 512,2 372,1 1,1
224,1 492,1 339,1 433,1 393,1 493,1 390,1 2,2
291,1 433,1 450,1 468,1 184,1 371,3 372,1 1,1
224,1 348,1 339,1 425,1 519,1 385,1 520,1 5,5
291,1 255,1 450,1 390,1 433,1 199,1 492,1 1,1
291,1 492,1 450,1 433,1 516,1 390,1 177,1 1,1
554,1 492,1 450,1 421,1 345,2 419,1 344,2 1,1
442,1 348,2 384,3 339,1 390,1 338,2 385,3 5,5
224,1 348,1 450,1 339,1 390,1 435,1 391,1 3,3
442,1 443,1 450,1 339,1 433,1 390,2 505,1 1,1
224,2 348,1 151,1 345,1 415,1 417,2 152,1 2,2
552,2 444,1 488,1 433,1 243,1 419,2 491,2 1,1
552,1 376,1 372,1 433,1 379,1 371,1 242,1 1,1
552,2 533,3 488,2 531,2 417,2 344,2 152,1 2,2
552,2 348,2 339,1 390,1 520,3 391,1 385,1 1,1
291,1 497,1 255,1 450,1 433,1 210,1 492,1 1,1
291,1 492,1 271,1 433,1 186,2 242,3 469,1 1,1
262,2 542,1 492,1 450,1 345,2 344,2 417,2 1,1
224,1 348,1 508,1 433,1 365,1 430,1 357,1 2,2
552,2 533,2 488,2 531,1 417,2 344,2 152,1 1,1
224,1 348,1 391,1 433,1 339,1 390,1 250,1 45,45
554,1 348,2 450,1 372,1 371,3 448,1 379,1 1,1
554,1 388,2 384,3 390,1 280,1 492,1 391,1 2,2
224,2 348,2 339,1 425,3 338,2 385,3 350,2 1,1
442,1 376,1 450,1 511,1 433,1 372,2 430,2 1,1
442,1 348,2 450,1 365,1 357,3 445,1 433,1 3,3
552,2 447,1 450,1 538,3 333,2 304,1 289,1 1,1
552,2 533,2 488,2 531,2 417,1 344,2 152,1 4,4
442,1 376,2 436,1 373,2 433,1 371,3 372,2 2,2
442,1 348,2 450,1 433,1 493,1 430,2 492,1 1,1
442,1 348,2 450,1 538,3 536,1 333,2 461,1 2,2
291,1 492,1 450,1 433,1 155,1 242,3 199,1 1,1
503,2 348,2 339,1 433,1 390,1 393,1 385,1 1,1
552,1 376,1 492,1 372,1 371,1 430,1 374,1 2,2
224,2 348,2 342,1 242,1 350,1 245,1 491,1 1,1
552,2 533,2 488,2 531,2 417,1 344,1 152,1 2,2
552,2 348,2 357,1 204,1 329,1 360,1 210,1 1,1
442,1 432,1 450,1 433,1 421,1 419,2 435,1 2,2
224,1 348,1 384,1 339,1 390,1 387,1 385,1 2,2
291,1 492,1 450,1 393,1 493,1 280,2 520,3 1,1
442,1 432,1 339,1 430,2 393,1 493,1 390,1 1,1
442,1 492,1 450,1 390,1 393,1 493,1 433,1 1,1
442,1 434,1 450,1 436,1 433,1 362,2 445,1 1,1
442,1 444,1 529,1 457,2 433,1 421,1 345,1 1,1
552,2 348,1 538,3 433,1 406,2 407,1 333,2 4,4
442,1 432,1 450,1 339,1 393,1 390,1 433,1 4,4
442,1 492,1 493,1 478,2 433,1 479,1 445,1 1,1
224,2 348,2 419,2 152,2 415,2 345,2 417,2 1,1
442,1 348,1 344,1 413,3 415,2 417,2 419,2 1,1
442,1 348,2 450,1 345,1 419,1 421,1 344,2 3,3
552,1 348,1 372,1 315,1 371,1 491,1 467,1 1,1
224,2 432,1 339,1 433,1 390,2 393,1 385,3 1,1
442,1 348,2 450,1 493,1 535,1 203,1 492,1 1,1
552,1 376,1 372,1 242,1 448,1 371,1 329,1 1,1
442,1 492,1 450,1 493,1 155,1 421,1 433,1 1,1
552,2 540,1 315,1 511,1 510,1 512,2 545,1 1,1
554,1 348,2 450,1 520,3 385,3 491,1 433,1 1,1
552,2 533,2 488,1 531,2 417,1 344,1 152,1 4,4
552,1 314,1 425,1 372,1 371,1 491,1 467,1 1,1
224,1 339,1 390,1 433,1 519,1 520,1 491,1 1,1
554,1 348,1 450,1 433,1 371,2 508,1 372,2 1,1
554,1 348,2 339,1 433,1 448,1 280,1 391,1 1,1
442,1 348,2 450,1 542,1 457,2 351,2 436,1 1,1
552,2 348,2 538,2 433,1 406,1 407,1 333,2 9,9
224,1 348,1 450,1 433,1 371,1 469,1 435,1 1,1
554,1 348,2 361,2 433,1 494,1 545,1 523,1 1,1
442,1 521,3 450,1 540,1 519,2 338,2 520,3 1,1
442,1 432,1 444,1 433,1 421,1 419,2 435,1 1,1
442,1 348,2 450,1 433,1 345,2 344,2 414,2 2,2
442,1 348,2 339,1 433,1 390,2 491,1 470,1 1,1
552,1 348,1 299,1 433,1 333,1 461,1 492,1 2,2
442,1 348,1 384,3 385,3 338,2 433,1 390,1 2,2
442,1 388,2 433,1 385,3 430,2 423,3 391,2 1,1
552,1 348,1 299,1 333,1 538,1 543,1 425,1 1,1
224,1 348,1 339,1 433,1 390,1 393,1 280,1 1,1
224,2 348,2 450,1 372,2 371,3 433,1 374,2 7,7
262,2 348,2 339,1 385,3 387,1 425,3 242,1 1,1
224,1 348,1 384,1 339,1 390,1 433,1 385,1 7,7
442,1 348,2 339,1 384,3 470,3 491,1 472,2 1,1
224,1 384,1 348,1 339,1 242,1 491,1 390,1 1,1
554,1 443,1 545,1 518,2 210,1 491,2 385,1 1,1
442,1 508,3 450,1 433,1 390,2 393,1 339,1 1,1
442,1 339,1 450,1 474,1 433,1 390,1 508,1 1,1
552,2 376,1 450,1 315,1 512,2 433,1 372,1 1,1
224,1 348,1 342,1 359,1 543,1 360,1 361,1 1,1
291,1 184,2 465,2 433,1 371,2 491,1 469,1 1,1
224,1 348,1 450,1 345,1 419,1 417,1 152,1 1,1
552,1 184,1 348,1 242,1 312,1 371,1 372,1 1,1
442,1 447,1 450,1 433,1 406,1 430,1 403,1 1,1
224,1 436,1 433,1 345,1 421,1 529,1 430,1 1,1
442,1 348,2 404,2 406,1 480,1 402,2 333,2 1,1
442,1 348,2 450,1 433,1 523,1 540,1 522,1 1,1
552,1 339,1 543,1 542,1 519,1 520,1 452,1 1,1
552,2 348,2 538,3 433,1 406,2 407,1 333,2 6,6
552,1 348,1 299,1 333,1 350,1 242,1 289,1 1,1
262,1 348,1 339,1 433,1 390,1 338,1 385,1 4,4
224,2 388,2 384,3 339,1 385,3 387,1 433,1 1,1
442,1 348,2 450,1 425,3 433,1 350,2 436,1 1,1
442,1 348,2 450,1 339,1 385,3 390,1 433,1 1,1
554,1 348,2 450,1 433,1 423,3 371,3 372,2 1,1
442,1 348,2 450,1 425,1 433,1 350,2 436,1 1,1
262,2 152,1 345,1 424,3 344,2 417,2 415,2 1,1
552,2 348,2 538,3 433,1 406,2 407,1 333,1 1,1
552,1 492,1 308,1 339,1 433,1 493,1 520,1 1,1
442,1 348,2 433,1 333,1 540,1 242,1 491,1 1,1
291,1 492,1 271,1 433,1 242,3 186,2 469,1 3,3
442,1 492,1 450,1 210,1 433,1 493,1 155,1 1,1
442,1 348,2 384,3 339,1 390,1 338,2 385,2 2,2
552,1 348,1 514,1 315,1 542,1 371,1 372,1 1,1
552,2 348,2 538,3 433,1 406,1 407,1 333,1 9,9
552,2 348,1 390,1 329,1 519,2 473,1 338,2 1,1
224,2 348,2 384,2 385,2 280,1 520,1 339,1 1,1
552,1 521,1 450,1 433,1 339,1 390,1 508,1 1,1
552,1 533,1 543,1 531,1 544,1 0,0 0,0 1,1
442,1 434,1 450,1 393,1 339,1 390,1 433,1 2,2
442,1 413,1 344,1 348,1 350,1 419,1 433,1 1,1
503,2 348,2 384,3 339,1 385,3 520,2 491,1 1,1
552,1 348,1 339,1 338,1 457,1 287,1 385,1 1,1
224,1 333,1 348,1 404,1 406,1 430,1 433,1 2,2
442,1 434,1 433,1 450,1 393,1 387,1 435,1 1,1
442,1 348,2 450,1 436,1 402,2 406,2 333,2 1,1
291,1 492,1 450,1 516,1 433,1 390,1 177,1 1,1
291,1 492,1 493,1 433,1 474,1 393,1 390,2 1,1
442,1 348,2 425,3 433,1 406,1 480,1 333,2 1,1
442,1 521,2 339,1 338,1 391,1 435,1 348,2 1,1
552,1 348,1 514,1 315,1 542,1 350,1 372,1 1,1
442,1 348,1 450,1 443,1 393,1 390,1 433,1 1,1
552,2 376,2 450,1 433,1 372,2 315,2 545,1 1,1
224,2 533,3 348,2 344,2 345,2 415,1 417,2 1,1
240,2 521,2 508,1 516,1 520,3 433,1 391,1 1,1
552,1 376,1 242,1 312,1 514,1 542,1 372,1 1,1
224,1 391,1 348,1 339,1 242,1 385,1 390,1 2,2
442,1 444,1 436,1 433,1 421,1 419,1 435,1 5,5
554,1 375,1 450,1 468,1 493,1 371,3 556,1 1,1
552,2 533,1 543,1 531,1 542,1 544,2 532,1 1,1
291,1 508,3 488,2 348,2 491,2 242,3 486,3 1,1
442,1 521,3 450,1 348,2 339,1 242,1 391,1 1,1
224,1 339,1 348,1 390,1 433,1 491,1 385,1 26,26
262,2 348,2 450,1 489,1 242,3 344,2 243,1 1,1
291,1 255,1 450,1 271,1 492,1 186,2 469,1 1,1
554,1 348,2 384,3 385,3 519,1 387,2 520,3 1,1
291,1 255,1 450,1 271,1 492,1 186,1 469,1 1,1
291,1 376,2 271,1 433,1 469,1 186,1 492,1 1,1
442,1 492,1 433,1 493,1 421,1 345,2 344,2 1,1
291,1 376,2 271,1 188,1 469,1 186,1 492,1 1,1
442,1 444,1 450,1 433,1 345,2 419,2 486,3 1,1
552,1 348,1 321,1 542,1 491,1 531,1 242,1 1,1
552,2 376,2 450,1 315,2 433,1 467,1 491,1 1,1
442,1 255,1 450,1 188,1 433,1 469,1 491,1 1,1
442,1 348,2 450,1 433,1 371,3 423,2 372,1 1,1
224,2 348,2 375,2 184,1 374,2 371,1 433,1 2,2
224,2 348,2 450,1 372,1 371,1 433,1 374,2 1,1
554,1 255,1 450,1 492,1 433,1 469,1 556,1 1,1
442,1 434,1 348,2 450,1 433,1 436,1 372,1 2,2
552,1 432,1 450,1 433,1 393,1 390,1 474,1 4,4
552,1 184,1 450,1 315,1 371,1 242,1 372,1 1,1
224,1 348,1 339,1 338,1 425,1 387,1 385,1 1,1
442,1 348,1 450,1 433,1 430,2 371,1 372,1 1,1
291,1 475,1 450,1 436,1 504,1 433,1 362,1 1,1
552,1 348,1 450,1 433,1 242,1 531,1 419,1 1,1
291,1 376,2 271,1 188,1 469,1 186,2 492,1 1,1
442,1 348,2 344,2 349,3 417,2 419,1 435,1 1,1
442,1 348,2 450,1 339,1 390,1 393,1 433,1 4,4
442,1 348,2 450,1 339,1 390,1 385,3 391,1 9,9
442,1 348,2 450,1 433,1 344,2 421,1 419,2 2,2
552,1 255,1 450,1 315,1 371,1 242,1 372,1 1,1
442,1 348,2 384,3 339,1 390,1 338,1 385,1 1,1
552,2 348,2 508,1 512,1 312,2 540,1 543,3 1,1
224,1 152,1 444,1 433,1 494,1 421,1 344,1 1,1
503,1 542,1 348,1 493,1 393,1 433,1 472,1 1,1
442,1 492,1 450,1 433,1 371,1 377,1 372,1 1,1
240,2 348,2 384,3 385,1 339,1 390,2 391,2 2,2
224,2 348,2 419,1 152,2 415,2 345,2 417,2 1,1
554,1 388,2 384,3 385,3 492,1 280,1 391,1 1,1
442,1 432,1 450,1 433,1 393,1 390,1 474,1 1,1
442,1 348,2 384,3 339,1 390,2 338,2 385,3 1,1
554,1 348,2 450,1 376,1 433,1 371,3 491,1 1,1
442,1 348,2 450,1 345,2 419,1 421,1 344,2 2,2
291,1 492,1 450,1 493,1 242,3 393,1 280,1 1,1
442,1 348,2 384,3 339,1 390,1 338,2 385,1 1,1
552,2 348,1 465,1 312,3 371,1 423,1 372,1 1,1
442,1 348,2 339,1 338,2 520,1 242,3 385,3 1,1
442,1 521,3 450,1 339,1 242,1 391,1 520,3 1,1
552,2 376,1 450,1 315,1 433,1 467,1 491,2 1,1
442,1 348,2 151,1 345,2 415,1 417,1 152,1 1,1
442,1 388,2 348,2 384,3 385,3 387,2 423,3 1,1
224,1 348,1 404,1 333,1 406,1 401,1 433,1 2,2
552,1 533,1 450,1 436,1 345,1 320,1 421,1 1,1
262,1 492,1 188,1 203,1 371,1 448,1 497,1 1,1
552,2 492,1 308,1 433,1 393,1 493,1 520,3 1,1
224,2 348,1 151,1 345,1 415,2 417,2 152,1 1,1
442,1 455,2 433,1 450,1 242,1 415,1 430,1 1,1
442,1 447,1 450,1 333,2 433,1 406,1 407,1 1,1
442,1 348,1 339,1 384,1 470,1 491,1 472,1 1,1
442,1 348,2 488,1 345,2 433,1 421,1 419,1 1,1
552,2 348,1 450,1 425,2 520,2 433,1 339,1 1,1
291,1 376,2 271,1 469,1 556,1 188,1 492,1 1,1
224,1 348,1 151,1 152,1 423,1 415,1 417,1 1,1
554,1 376,2 450,1 433,1 469,1 372,1 492,1 1,1
552,2 538,3 333,2 348,2 406,1 407,1 433,1 2,2
552,2 348,1 538,1 433,1 406,1 407,1 333,2 1,1
552,1 521,1 384,1 287,1 306,1 338,1 520,1 1,1
552,1 533,1 320,1 531,1 543,1 544,1 542,1 1,1
240,1 348,1 339,1 433,1 338,1 385,2 242,2 1,1
552,2 444,1 450,1 345,1 242,1 320,1 486,1 1,1
224,1 337,1 349,1 452,1 0,0 0,0 0,0 1,1
552,2 348,2 538,1 433,1 406,1 407,1 333,2 1,1
442,1 492,1 488,2 541,1 243,1 419,2 491,1 1,1
552,2 533,3 488,1 531,1 417,2 344,2 152,1 6,6
262,2 376,2 450,1 448,1 242,3 371,3 372,2 1,1
552,1 542,1 538,1 543,1 301,1 544,1 539,1 1,1
224,1 348,1 433,1 345,1 419,1 491,1 152,1 1,1
262,2 533,3 450,1 242,3 345,2 344,2 419,1 1,1
442,1 447,1 397,3 401,2 435,1 403,2 433,1 3,3
552,2 348,1 345,1 531,2 344,2 417,1 415,1 1,1
552,2 376,1 450,1 312,2 203,1 491,2 372,2 1,1
552,2 376,1 450,1 508,1 242,3 467,1 491,1 1,1
442,1 348,2 450,1 421,1 433,1 419,1 152,1 1,1
503,2 152,1 348,1 488,2 486,2 491,2 345,1 1,1
552,2 348,2 508,1 315,1 436,1 242,1 372,1 1,1
291,1 492,1 271,1 433,1 242,3 556,1 469,1 1,1
552,1 533,1 321,1 488,1 486,1 491,1 348,1 1,1
503,2 152,1 348,1 488,1 486,3 491,1 345,2 1,1
552,2 376,1 242,1 542,1 312,2 514,1 372,1 1,1
552,2 533,2 488,1 531,2 417,2 344,1 152,1 1,1
552,2 533,3 488,2 531,1 417,2 344,2 152,1 4,4
224,1 533,1 544,1 532,1 543,1 0,0 0,0 1,1
552,1 348,1 450,1 390,1 435,1 433,1 339,1 1,1
552,2 533,3 488,1 531,1 417,2 344,1 152,1 2,2
552,2 348,1 299,2 425,1 333,1 406,1 538,3 1,1
554,1 348,2 450,1 242,3 470,3 520,3 280,1 1,1
224,2 492,1 333,1 433,1 484,1 535,1 461,1 1,1
552,2 533,2 488,2 531,2 417,2 344,2 152,1 1,1
503,2 508,3 390,2 540,1 242,3 491,2 391,2 1,1
442,1 444,1 450,1 345,1 493,1 421,1 433,1 1,1
224,1 348,1 349,1 545,1 195,1 429,1 543,1 1,1
224,2 348,2 333,2 242,1 350,2 161,1 482,1 1,1
552,2 533,3 488,2 486,3 433,1 320,2 491,1 1,1
503,1 492,1 436,1 390,1 393,1 387,1 424,2 1,1
442,1 348,2 339,1 384,3 470,3 491,2 472,1 1,1
442,1 348,2 450,1 425,1 372,1 350,1 543,3 1,1
291,1 492,1 488,1 435,1 352,1 421,1 489,1 1,1
554,1 348,2 486,1 345,1 421,1 243,1 152,1 1,1
442,1 348,2 450,1 433,1 345,1 344,1 155,1 1,1
552,2 533,3 488,1 531,2 417,2 344,1 152,1 1,1
442,1 376,1 450,1 379,1 371,3 430,1 372,2 1,1
552,2 348,2 538,2 433,1 406,1 407,1 333,1 1,1
224,2 444,1 488,1 433,1 155,1 344,2 243,2 1,1
442,1 348,2 450,1 433,1 371,3 423,3 372,2 1,1
503,1 492,1 333,1 483,1 407,1 406,1 482,1 1,1
552,2 521,3 308,1 508,1 339,1 390,1 391,1 1,1
442,1 348,2 391,2 339,1 433,1 393,1 390,2 1,1
552,2 348,2 533,3 531,1 345,2 417,2 419,1 1,1
442,1 376,1 450,1 433,1 371,3 545,1 372,2 1,1
291,1 492,1 450,1 339,1 390,1 393,1 433,1 1,1
224,2 444,1 488,1 433,1 155,1 345,2 243,2 1,1
224,1 348,1 152,1 533,1 415,1 344,1 417,1 1,1
442,1 342,1 450,1 365,1 357,3 445,1 348,2 1,1
224,1 255,1 152,1 233,1 234,1 244,1 242,1 1,1
442,1 388,1 450,1 436,1 433,1 390,1 435,1 1,1
552,2 348,2 538,3 433,1 406,1 407,1 333,2 22,23
224,1 348,1 151,1 345,1 433,1 419,1 152,1 125,132
224,1 348,1 508,1 433,1 242,1 243,1 491,1 58,62
503,2 348,2 339,1 433,1 390,1 393,1 385,3 83,90
552,2 533,3 488,2 531,2 417,1 344,1 152,1 11,12
224,1 250,1 339,1 348,1 390,1 391,1 433,1 22,24
552,1 533,1 488,1 531,1 417,1 345,1 152,1 57,63
552,2 533,2 488,2 531,1 417,1 344,2 152,1 9,10
552,2 533,2 488,1 531,1 417,1 344,2 152,1 9,10
552,2 533,3 488,2 531,1 417,1 344,1 152,1 18,20
552,2 538,3 333,2 348,1 406,1 407,1 433,1 9,10
552,1 348,1 538,1 433,1 406,1 407,1 333,1 89,99
552,2 533,3 488,1 531,2 417,1 344,1 152,1 17,19
224,1 447,1 450,1 333,1 406,1 425,1 350,1 17,19
224,1 533,1 348,1 345,1 415,1 531,1 417,1 8,9
552,2 533,2 488,1 531,1 417,1 344,1 152,1 8,9
224,1 348,1 339,1 390,1 433,1 385,1 491,1 14,16
552,1 533,1 543,1 531,1 542,1 544,1 532,1 7,8
224,1 348,1 450,1 345,1 415,1 417,1 152,1 53,61
224,1 348,1 450,1 433,1 435,1 242,1 350,1 40,47
224,1 348,1 339,1 433,1 390,1 393,1 491,1 5,6
224,1 348,1 450,1 433,1 421,1 417,1 435,1 20,24
552,2 348,1 538,2 433,1 406,1 407,1 333,2 5,6
552,2 533,2 488,1 531,2 417,1 344,2 152,1 5,6
552,2 533,3 488,2 531,1 417,1 344,2 152,1 15,18
224,1 348,1 533,1 345,1 531,1 415,1 417,1 5,6
552,2 533,3 488,2 531,2 417,1 344,2 152,1 10,12
552,2 533,3 488,1 531,2 417,1 344,2 152,1 18,22
224,1 348,1 433,1 350,1 371,1 335,1 372,1 18,22
552,2 348,1 538,3 433,1 406,1 407,1 333,2 13,16
552,2 533,3 488,1 531,1 417,1 344,1 152,1 13,16
552,2 348,1 538,3 433,1 406,1 407,1 333,1 4,5
224,1 348,1 375,1 184,1 374,1 371,1 433,1 32,41
552,1 348,1 533,1 531,1 345,1 417,1 419,1 10,13
224,1 444,1 533,1 531,1 415,1 417,1 421,1 19,25
552,1 533,1 488,1 531,1 417,1 344,1 152,1 39,52
442,1 348,2 450,1 436,1 402,2 406,1 333,2 6,8
552,2 533,2 488,2 531,1 417,1 344,1 152,1 3,4
224,1 376,1 450,1 372,1 374,1 371,1 435,1 3,4
224,1 184,1 375,1 372,1 433,1 373,1 371,1 3,4
503,1 152,1 348,1 488,1 486,2 491,1 345,1 3,4
224,1 348,1 350,1 345,1 242,1 417,1 152,1 28,38
552,2 533,3 488,1 531,1 417,1 344,2 152,1 11,15
224,1 184,1 433,1 372,1 371,1 423,1 374,1 8,11
224,1 348,1 152,1 450,1 419,1 435,1 433,1 8,11
224,1 348,1 533,1 531,1 345,1 415,1 417,1 1274,1841
224,1 533,1 348,1 531,1 345,1 415,1 417,1 11,16
224,1 348,1 450,1 287,1 385,1 242,1 339,1 4,6
224,1 152,1 433,1 421,1 435,1 417,1 419,1 2,3
442,1 444,1 450,1 436,1 433,1 435,1 421,1 2,3
442,1 348,2 450,1 495,1 433,1 350,2 192,1 2,3
224,1 348,1 342,1 525,1 350,1 425,1 544,1 2,3
224,2 348,2 384,3 339,1 390,1 433,1 385,3 2,3
224,1 348,1 388,1 339,1 350,1 520,1 385,1 4,6
224,1 533,1 348,1 344,1 345,1 415,1 417,1 10,15
224,1 152,1 345,1 242,1 344,1 417,1 433,1 2,3
224,1 533,1 529,1 532,1 415,1 531,1 417,1 10,15
224,1 348,1 419,1 417,1 345,1 152,1 415,1 27,41
224,1 348,1 425,1 357,1 341,1 360,1 361,1 11,17
224,1 345,1 348,1 419,1 417,1 152,1 415,1 7,11
224,1 348,1 419,1 152,1 415,1 345,1 417,1 36,57
224,1 348,1 388,1 520,1 350,1 385,1 339,1 3,5
224,1 348,1 544,1 539,1 350,1 425,1 333,1 6,10
262,1 348,1 450,1 342,1 445,1 360,1 362,1 4,7
224,1 348,1 450,1 242,1 345,1 417,1 436,1 5,9
224,1 388,1 348,1 339,1 350,1 520,1 385,1 5,9
224,1 348,1 533,1 531,1 415,1 345,1 417,1 33,62
224,1 348,1 162,1 333,1 401,1 402,1 163,1 13,25
224,1 348,1 354,1 357,1 141,1 360,1 362,1 3,6
240,1 348,1 339,1 433,1 338,1 385,2 242,1 1,2
552,2 521,3 384,3 385,1 425,1 390,2 391,2 1,2
442,1 368,1 450,1 372,1 371,1 423,1 374,1 1,2
224,1 447,1 406,1 407,1 433,1 161,1 333,1 2,4
552,2 348,1 425,1 371,1 312,1 374,1 372,1 1,2
224,1 348,1 357,1 423,1 425,1 360,1 350,1 2,4
224,1 348,1 350,1 345,1 419,1 417,1 152,1 1,2
224,1 190,1 162,1 242,1 350,1 161,1 333,1 1,2
224,1 348,1 425,1 350,1 152,1 345,1 417,1 2,4
552,1 348,1 339,1 390,1 520,1 391,1 385,1 1,2
224,1 348,1 533,1 345,1 344,1 415,1 417,1 1,2
224,1 348,1 436,1 433,1 448,1 371,1 372,1 1,2
442,1 349,3 345,2 348,2 351,2 411,3 417,1 1,2
552,1 343,1 345,1 351,1 543,1 544,1 532,1 1,2
224,1 348,1 538,1 539,1 333,1 402,1 425,1 1,2
224,1 348,1 533,1 344,1 350,1 152,1 531,1 1,2
442,1 376,2 450,1 379,1 371,3 430,2 372,2 1,2
224,1 388,1 348,1 339,1 520,1 350,1 385,1 2,4
552,2 348,1 538,2 433,1 406,1 407,1 333,1 1,2
224,1 348,1 533,1 344,1 350,1 417,1 532,1 1,2
224,1 348,1 533,1 350,1 417,1 152,1 345,1 3,6
224,1 388,1 348,1 520,1 521,1 350,1 339,1 1,2
224,1 348,1 533,1 350,1 345,1 417,1 531,1 5,11
224,1 348,1 151,1 345,1 152,1 417,1 423,1 4,9
224,1 348,1 350,1 152,1 415,1 345,1 417,1 8,18
224,1 348,1 151,1 423,1 152,1 415,1 417,1 4,9
224,1 348,1 151,1 345,1 415,1 417,1 152,1 18,42
224,1 348,1 538,1 425,1 350,1 539,1 333,1 3,7
552,1 542,1 538,1 543,1 544,1 537,1 539,1 3,7
224,1 348,1 151,1 531,1 415,1 417,1 152,1 10,24
442,1 184,1 371,1 192,1 423,1 374,1 372,1 5,12
224,1 533,1 348,1 531,1 415,1 345,1 417,1 10,25
224,1 348,1 533,1 345,1 350,1 417,1 531,1 2,5
224,1 348,1 151,1 411,1 417,1 419,1 152,1 4,10
224,1 348,1 538,1 333,1 350,1 425,1 543,1 4,10
224,1 533,1 348,1 345,1 350,1 531,1 417,1 2,5
224,1 348,1 388,1 339,1 520,1 350,1 385,1 3,9
224,1 348,1 350,1 242,1 357,1 360,1 192,1 1,3
224,1 348,1 533,1 350,1 344,1 417,1 531,1 2,6
552,1 376,1 242,1 542,1 312,1 514,1 372,1 1,3
224,1 231,1 450,1 339,1 435,1 338,1 385,1 1,3
224,1 184,1 372,1 190,1 371,1 374,1 185,1 1,3
224,1 348,1 342,1 350,1 525,1 425,1 360,1 1,3
224,1 348,1 538,1 543,1 402,1 350,1 333,1 1,3
224,1 348,1 533,1 344,1 345,1 415,1 417,1 1,3
224,1 184,1 348,1 373,1 371,1 374,1 242,1 1,3
224,1 348,1 533,1 531,1 350,1 417,1 345,1 1,3
224,1 184,1 372,1 373,1 371,1 374,1 423,1 1,3
224,1 533,1 348,1 345,1 531,1 415,1 419,1 1,3
224,1 348,1 538,1 402,1 333,1 350,1 425,1 13,41
224,1 348,1 538,1 425,1 333,1 350,1 543,1 6,19
224,1 348,1 538,1 539,1 402,1 350,1 333,1 3,10
224,1 348,1 538,1 425,1 350,1 333,1 544,1 5,18
224,1 348,1 533,1 350,1 345,1 152,1 417,1 3,11
552,1 521,1 543,1 542,1 520,1 0,0 0,0 2,8
552,1 521,1 543,1 520,1 544,1 0,0 0,0 1,4
442,1 348,2 384,3 385,3 338,2 433,1 390,1 1,4
224,1 348,1 533,1 350,1 349,1 417,1 345,1 1,4
224,1 348,1 342,1 525,1 350,1 425,1 543,1 1,4
224,1 348,1 342,1 425,1 242,1 360,1 361,1 1,4
552,1 533,1 345,1 344,1 543,1 351,1 343,1 1,4
224,1 348,1 450,1 345,1 457,1 417,1 152,1 1,5
224,1 348,1 342,1 525,1 350,1 543,1 425,1 1,5
224,1 348,1 538,1 425,1 333,1 402,1 539,1 2,10
552,1 544,1 543,1 527,1 526,1 0,0 0,0 1,6
224,1 348,1 533,1 417,1 350,1 152,1 345,1 1,6
552,1 542,1 538,1 543,1 539,1 544,1 454,1 1,11
224,1 190,1 163,1 196,1 161,1 195,1 192,1 1,14
224,1 348,1 533,1 344,1 350,1 417,1 152,1 0,2
224,1 348,1 533,1 417,1 350,1 152,1 531,1 0,1
552,2 348,2 495,1 508,1 312,1 242,1 372,1 0,1
224,1 348,1 533,1 344,1 350,1 417,1 543,1 0,3
224,1 348,1 533,1 350,1 344,1 417,1 152,1 0,9
442,1 388,2 348,1 384,1 385,1 387,1 423,2 0,1
224,1 348,1 342,1 425,1 350,1 341,1 360,1 0,1
552,1 349,1 242,1 448,1 430,1 423,1 350,1 0,1
224,1 348,1 344,1 346,1 457,1 351,1 0,0 0,5
224,1 348,1 533,1 350,1 425,1 152,1 531,1 0,1
552,1 375,1 424,1 371,1 369,1 0,0 0,0 0,1
224,1 348,1 533,1 350,1 345,1 417,1 152,1 0,1
552,1 542,1 543,1 514,1 544,1 515,1 0,0 0,1
224,1 348,1 533,1 350,1 344,1 417,1 532,1 0,4
442,1 346,2 347,2 348,2 457,2 0,0 0,0 0,2
240,1 348,1 152,1 344,1 192,1 350,1 148,1 0,2
224,1 348,1 368,1 425,1 350,1 190,1 543,1 0,1
442,1 348,2 450,1 242,1 350,1 372,1 543,3 0,1
224,1 152,1 190,1 348,1 242,1 345,1 344,1 0,2
442,1 388,1 348,1 384,1 385,1 387,1 423,1 0,1
240,2 162,1 397,1 348,2 425,2 242,3 543,1 0,1
224,2 533,3 348,2 344,2 345,1 415,1 417,2 0,1
552,1 339,1 543,1 337,1 541,1 520,1 452,1 0,1
224,1 348,1 533,1 344,1 350,1 417,1 531,1 0,2
291,1 542,1 523,1 341,2 357,3 351,2 348,2 0,1
552,1 514,1 315,1 542,1 543,1 0,0 0,0 0,3
224,1 162,1 281,1 242,1 163,1 161,1 333,1 0,1
224,1 162,1 281,1 333,1 163,1 161,1 192,1 0,1
224,1 348,1 344,1 345,1 350,1 417,1 457,1 0,1
224,1 388,1 348,1 350,1 339,1 520,1 385,1 0,1
552,1 526,1 140,1 543,1 360,1 357,1 138,1 0,1
224,2 348,2 342,1 435,1 350,2 432,1 360,2 0,3
224,1 348,1 388,1 520,1 521,1 350,1 339,1 0,2
442,1 427,1 491,2 543,3 350,2 346,2 423,3 0,1
442,1 447,1 450,1 404,1 436,1 539,3 433,1 0,1
442,1 348,1 344,1 350,1 417,2 419,2 423,3 0,1
224,1 342,1 348,1 433,1 360,1 543,1 362,1 0,1
224,1 348,1 538,1 333,1 350,1 401,1 543,1 0,1
554,1 514,3 184,1 373,1 513,1 371,1 179,1 0,1
552,1 376,1 433,1 372,1 371,1 430,1 374,1 0,1
224,1 348,1 532,1 345,1 415,1 529,1 417,1 0,1
224,1 338,1 339,1 348,1 388,1 385,1 382,1 0,2
224,1 348,1 344,1 345,1 350,1 415,1 417,1 0,2
442,1 376,1 465,3 467,2 425,3 491,1 372,2 0,1
224,1 152,1 348,1 345,1 192,1 344,1 417,1 0,1
224,1 348,1 533,1 344,1 345,1 417,1 415,1 0,1
554,1 184,1 540,1 372,2 541,1 545,1 512,1 0,1
224,2 533,3 348,2 345,2 415,2 531,2 417,2 0,1
262,1 492,1 542,1 447,1 484,1 333,1 461,1 0,1
552,2 388,1 339,1 348,1 306,2 519,1 242,1 0,1
224,1 348,1 384,1 339,1 519,1 385,1 520,1 0,1
224,1 348,1 532,1 243,1 433,1 242,1 152,1 0,1
224,1 348,1 538,1 350,1 425,1 333,1 543,1 0,1
552,1 349,1 541,1 242,1 430,1 423,1 545,1 0,1
224,2 348,2 342,1 425,2 360,1 350,2 357,3 0,1
552,1 348,1 339,1 306,1 385,1 520,1 543,1 0,1
224,1 348,1 425,1 401,1 350,1 161,1 333,1 0,1
552,2 542,2 538,2 543,3 539,2 544,2 454,1 0,1
554,1 533,1 433,1 348,2 486,3 419,1 243,1 0,1
552,2 532,3 531,2 543,3 0,0 0,0 0,0 0,1
442,1 348,2 450,1 542,1 457,2 514,2 436,1 0,1
442,1 348,2 347,2 436,1 430,1 351,2 429,2 0,1
552,2 514,1 315,1 542,1 543,1 0,0 0,0 0,1
224,1 349,1 0,0 0,0 0,0 0,0 0,0 0,2
224,1 348,1 333,1 350,1 401,1 454,1 457,1 0,1
224,1 190,1 162,1 192,1 195,1 161,1 163,1 0,1
554,1 348,2 384,3 540,1 339,1 520,2 391,1 0,1
552,2 433,1 384,3 385,1 425,1 390,2 391,2 0,1
552,1 508,1 384,1 433,1 391,1 339,1 520,1 0,1
442,1 348,1 450,1 433,1 430,1 371,3 372,1 0,1
224,1 162,1 402,1 190,1 425,1 192,1 403,1 0,4
442,1 184,1 371,1 192,1 423,3 374,1 372,1 0,2
224,1 348,1 538,1 333,1 350,1 425,1 401,1 0,1
442,1 348,2 347,2 436,1 430,1 351,2 429,1 0,1
224,1 348,1 151,1 345,1 423,1 417,1 152,1 0,1
224,1 348,1 388,1 339,1 350,1 521,1 543,1 0,4
224,1 348,1 425,1 424,1 345,1 417,1 344,1 0,1
554,1 542,1 348,2 384,3 385,3 387,2 520,3 0,1
224,1 348,1 533,1 345,1 350,1 417,1 152,1 0,2
224,2 348,1 350,2 152,1 415,1 345,1 417,2 0,1
262,2 348,2 347,2 457,2 490,1 346,2 0,0 0,1
552,2 376,1 242,1 542,1 312,1 514,1 372,1 0,1
262,2 348,2 339,1 385,3 387,2 425,3 242,3 0,1
224,1 162,1 348,1 333,1 161,1 163,1 242,1 0,1
552,2 184,1 465,1 312,3 371,1 348,1 372,1 0,1
224,1 348,1 508,1 425,1 406,1 491,1 540,1 0,1
552,2 533,2 543,3 531,1 542,1 544,3 532,3 0,1
224,2 348,2 533,3 345,2 344,2 415,2 417,2 0,1
224,1 348,1 533,1 350,1 349,1 425,1 152,1 0,1
442,1 348,1 384,1 339,1 390,1 338,1 385,1 0,1
552,2 533,3 543,3 542,1 532,3 531,1 544,3 0,1
552,2 348,1 339,1 518,1 516,1 306,1 472,1 0,1
224,2 533,3 348,1 345,1 415,1 531,1 417,2 0,1
200,1 348,2 494,3 345,2 419,2 423,3 350,2 0,1
552,2 514,3 543,2 544,1 0,0 0,0 0,0 0,1
442,1 348,1 190,1 152,1 350,2 345,1 417,1 0,1
442,1 425,3 190,3 348,2 351,2 357,3 359,2 0,1
552,2 514,3 543,1 544,1 0,0 0,0 0,0 0,1
552,1 514,1 543,1 544,1 0,0 0,0 0,0 0,8
224,1 184,1 372,1 375,1 192,1 185,1 371,1 0,2
442,1 348,2 450,1 436,1 457,2 423,1 346,2 0,2
552,1 372,1 376,1 348,1 371,1 491,1 545,1 0,1
224,1 348,1 538,1 333,1 350,1 425,1 402,1 0,1
503,1 231,1 436,1 177,1 433,1 435,1 348,1 0,1
442,1 348,1 488,1 486,1 345,1 344,1 152,1 0,1
224,1 348,1 421,1 433,1 435,1 450,1 417,1 0,1
224,1 348,1 533,1 345,1 531,1 417,1 344,1 0,1
554,1 508,3 523,1 433,1 365,1 242,1 435,1 0,1
554,1 361,2 450,1 475,3 493,1 448,1 445,1 0,1
442,1 376,2 375,2 433,1 430,2 371,3 372,2 0,1
224,2 152,1 433,1 344,2 417,2 424,3 415,2 0,1
224,1 348,1 368,1 350,1 425,1 190,1 349,1 0,1
554,1 348,2 450,1 345,2 421,1 419,2 433,1 0,1
291,1 533,1 532,1 345,1 423,3 149,3 348,1 0,1
552,1 533,1 543,1 544,1 0,0 0,0 0,0 0,1
262,1 348,1 151,1 152,1 344,1 345,1 417,1 0,1
224,1 348,1 152,1 233,1 345,1 415,1 417,1 0,2
224,1 447,1 450,1 407,1 406,1 435,1 433,1 0,1
224,1 140,1 357,1 360,1 359,1 190,1 425,1 0,1
224,2 348,2 533,3 531,2 345,2 415,2 417,2 0,1
552,2 514,2 542,1 513,1 0,0 0,0 0,0 0,1
224,1 348,1 162,1 333,1 402,1 161,1 163,1 0,1
552,1 514,1 542,1 513,1 0,0 0,0 0,0 0,1
442,1 391,2 432,1 433,1 385,3 393,1 390,2 0,1
224,1 242,1 348,1 350,1 433,1 435,1 450,1 0,1
224,2 348,2 533,3 345,2 531,1 415,1 417,1 0,1
224,1 426,1 0,0 0,0 0,0 0,0 0,0 0,4
224,1 348,1 368,1 350,1 425,1 190,1 544,1 0,1
224,1 151,1 413,1 425,1 192,1 152,1 148,1 0,1
552,2 544,2 543,2 527,2 526,2 0,0 0,0 0,1
552,1 353,1 0,0 0,0 0,0 0,0 0,0 0,1
240,1 184,1 255,1 348,1 372,1 242,1 253,1 0,1
552,1 533,1 532,1 544,1 0,0 0,0 0,0 0,1
224,1 281,1 333,1 350,1 163,1 161,1 192,1 0,1
224,1 348,1 342,1 350,1 525,1 425,1 543,1 0,1
442,1 348,2 344,1 350,1 417,1 419,1 423,2 0,1
552,1 531,1 533,1 345,1 488,1 417,1 152,1 0,1
224,1 348,1 533,1 350,1 345,1 152,1 531,1 0,1
224,1 348,1 339,1 385,1 387,1 424,1 173,1 0,2
224,1 348,1 333,1 350,1 402,1 406,1 461,1 0,1
552,2 521,2 543,3 542,2 520,2 0,0 0,0 0,1
442,1 348,2 151,1 345,1 350,2 417,2 152,1 0,1
552,2 521,3 543,3 542,1 520,3 0,0 0,0 0,1
224,2 348,2 151,1 345,1 415,1 417,1 152,1 0,1
552,2 521,3 543,3 542,2 520,3 0,0 0,0 0,1
442,1 434,1 450,1 523,1 540,1 545,1 543,3 0,1
552,2 328,1 478,1 357,3 543,3 491,1 348,1 0,1
552,2 533,3 488,1 531,2 417,2 344,2 152,1 0,1
224,1 348,1 152,1 242,1 350,1 417,1 192,1 0,1
224,1 531,1 533,1 421,1 444,1 415,1 417,1 0,1
224,1 348,1 538,1 349,1 425,1 333,1 350,1 0,1
