224,1 348,1 342,1 341,1 359,1 525,1 360,1 1,1
442,1 348,1 344,1 430,1 351,2 417,1 345,1 1,1
224,1 514,1 348,1 450,1 371,1 377,1 0,0 1,1
552,1 339,1 520,1 543,1 337,1 452,1 0,0 1,1
224,1 348,1 542,1 345,1 344,1 415,1 417,1 1,1
552,1 348,1 346,1 426,1 350,1 425,1 531,1 1,1
240,2 444,1 419,1 351,2 429,1 430,1 490,3 1,1
442,1 348,2 450,1 493,1 490,3 351,2 346,2 1,1
224,2 436,1 450,1 351,2 429,1 242,1 346,2 1,1
442,1 492,1 337,3 385,3 387,1 520,3 0,0 1,1
240,2 388,2 516,1 338,3 387,1 385,1 337,3 1,1
442,1 348,2 450,1 542,2 519,2 385,3 0,0 1,1
224,1 539,1 162,1 538,1 402,1 161,1 163,1 1,1
442,1 342,1 462,1 525,1 457,2 357,3 445,1 1,1
442,1 348,2 357,3 351,2 142,1 360,1 362,1 1,1
224,1 348,1 384,1 385,1 338,1 387,1 424,1 1,1
224,1 347,1 348,1 345,1 415,1 417,1 344,1 1,1
224,1 348,1 531,1 195,1 415,1 417,1 196,1 1,1
442,1 492,1 462,1 421,1 344,2 351,2 411,3 1,1
224,2 347,2 348,2 345,2 415,2 417,2 344,2 1,1
224,2 348,2 344,2 424,3 411,3 457,2 351,2 1,1
442,1 339,1 393,1 518,2 424,3 338,2 385,3 1,1
200,1 466,1 275,2 436,1 203,1 192,3 491,1 1,1
224,2 348,1 342,1 358,1 359,1 360,1 357,3 1,1
224,2 348,2 384,3 436,1 387,2 338,2 385,3 1,1
224,2 348,2 371,3 335,2 346,2 369,3 427,1 1,1
224,2 348,1 342,1 358,2 359,1 360,1 357,3 1,1
503,2 348,2 346,3 344,3 417,3 414,3 415,3 1,1
442,1 348,2 450,1 542,2 457,2 351,2 512,1 1,1
503,2 348,2 343,3 344,3 417,2 346,3 415,1 1,1
240,1 348,1 347,1 345,1 415,1 531,1 344,1 1,1
552,1 532,1 486,1 345,1 415,1 417,1 0,0 1,1
552,1 521,1 542,1 543,1 520,1 541,1 0,0 1,1
224,1 348,1 184,1 179,1 371,1 195,1 424,1 1,1
442,1 339,1 542,1 390,1 382,3 387,2 393,1 1,1
224,1 348,1 436,1 345,1 415,1 344,1 417,1 25,28
224,1 348,1 538,1 402,1 161,1 400,1 163,1 5,6
224,1 348,1 339,1 338,1 385,1 424,1 387,1 32,40
224,1 348,1 409,1 415,1 345,1 419,1 417,1 8,11
224,1 542,1 348,1 531,1 345,1 417,1 411,1 18,25
224,1 348,1 342,1 358,1 359,1 360,1 357,1 43,63
224,1 542,1 348,1 344,1 345,1 415,1 417,1 10,15
224,1 348,1 542,1 519,1 387,1 520,1 350,1 24,37
224,1 348,1 333,1 161,1 158,1 163,1 195,1 11,17
224,1 348,1 333,1 402,1 161,1 163,1 158,1 30,49
224,1 542,1 348,1 345,1 415,1 417,1 344,1 3,5
224,1 348,1 425,1 414,1 345,1 417,1 344,1 42,71
224,1 348,1 542,1 333,1 539,1 402,1 163,1 33,58
224,1 184,1 375,1 179,1 371,1 457,1 428,1 1,2
552,1 344,1 345,1 349,1 544,1 343,1 0,0 1,2
224,1 361,1 425,1 357,1 359,1 525,1 360,1 1,2
224,1 348,1 542,1 342,1 525,1 360,1 341,1 1,2
224,1 542,1 514,1 513,1 543,1 544,1 0,0 1,2
224,1 348,1 402,1 161,1 163,1 536,1 400,1 1,2
224,1 530,1 348,1 344,1 345,1 415,1 417,1 3,6
224,1 342,1 348,1 358,1 359,1 360,1 357,1 2,6
224,1 348,1 429,1 385,1 520,1 338,1 457,1 5,15
552,1 521,1 542,1 543,1 519,1 544,1 0,0 1,3
224,1 348,1 542,1 533,1 344,1 345,1 346,1 1,3
224,1 348,1 339,1 542,1 519,1 520,1 346,1 1,4
224,1 348,1 341,1 359,1 525,1 350,1 361,1 1,4
224,1 348,1 346,1 426,1 350,1 543,1 338,1 1,4
503,2 348,1 343,3 344,3 417,2 346,3 415,1 1,4
224,1 348,1 346,1 344,1 417,1 414,1 415,1 1,7
442,1 348,2 361,1 357,3 358,1 423,1 341,2 0,1
240,2 405,1 462,1 351,2 429,1 430,1 461,1 0,2
224,1 348,1 346,1 426,1 350,1 338,1 452,1 0,6
552,1 544,1 515,1 543,1 513,1 0,0 0,0 0,2
262,2 436,1 448,1 351,2 429,2 242,1 457,2 0,1
552,1 348,1 346,1 426,1 350,1 543,1 519,1 0,1
442,1 348,1 362,1 359,2 429,1 242,1 457,1 0,2
224,2 332,2 462,1 351,2 429,2 461,1 333,2 0,1
240,1 348,1 339,1 387,1 338,1 520,1 457,1 0,1
552,2 436,1 450,1 351,2 429,1 406,1 346,2 0,1
224,1 333,1 346,1 195,1 196,1 423,1 161,1 0,1
262,2 436,1 362,2 359,2 429,2 242,1 457,2 0,1
442,1 348,1 415,1 345,2 344,2 419,1 0,0 0,1
442,1 436,1 450,1 359,2 429,2 430,1 457,2 0,1
262,1 375,1 424,1 371,1 373,1 379,1 430,1 0,1
552,2 332,2 346,2 351,2 429,2 242,1 457,2 0,1
552,2 436,1 462,1 351,2 429,1 287,1 388,2 0,1
552,2 436,1 450,1 351,2 429,2 276,2 457,2 0,1
552,2 348,2 448,1 351,2 429,1 430,1 457,2 0,1
224,2 361,2 436,1 357,3 423,1 525,1 360,2 0,1
224,1 348,1 342,1 359,1 424,1 525,1 360,1 0,1
224,2 348,2 346,2 351,2 429,1 242,1 457,2 0,1
503,2 348,2 462,1 351,2 429,3 543,3 457,3 0,1
552,2 188,1 448,1 351,2 429,2 430,1 457,2 0,1
224,2 348,2 419,2 351,2 350,2 273,3 417,2 0,1
503,1 339,1 393,1 518,1 424,2 338,1 385,2 0,1
224,1 542,1 348,1 345,1 531,1 417,1 411,1 0,1
442,1 405,1 462,1 351,2 429,2 406,1 333,2 0,1
224,1 348,1 412,1 345,1 415,1 417,1 423,1 0,1
554,1 376,1 377,1 351,1 336,1 430,1 457,1 0,1
224,1 348,1 528,1 345,1 415,1 417,1 411,1 0,1
552,1 544,1 543,1 525,1 542,1 545,1 527,1 0,1
224,1 348,1 538,1 402,1 161,1 163,1 196,1 0,1
224,1 348,1 538,1 402,1 161,1 163,1 400,1 0,1
240,1 348,1 384,1 387,1 385,2 338,1 287,1 0,1
554,1 348,2 379,1 351,2 336,1 242,2 457,1 0,1
224,1 348,1 331,1 395,1 402,1 161,1 163,1 0,1
552,2 348,1 462,1 351,1 336,1 374,1 457,1 0,1
552,1 348,1 362,1 359,1 429,1 242,1 346,1 0,1
224,1 348,1 520,1 519,1 338,1 429,1 389,1 0,1
442,1 166,1 247,2 158,3 490,3 401,2 165,2 0,1
224,1 530,1 348,1 345,1 415,1 417,1 344,1 0,1
224,1 542,1 348,1 345,1 344,1 415,1 417,1 0,1
224,1 348,1 382,1 387,1 338,1 424,1 337,1 0,2
224,1 348,1 338,1 387,1 424,1 172,1 382,1 0,3
224,1 348,1 344,1 424,1 150,1 417,1 414,1 0,4
224,1 426,1 0,0 0,0 0,0 0,0 0,0 0,2
503,2 334,3 372,1 373,1 371,1 374,1 0,0 0,1
503,2 348,1 346,3 344,3 417,3 414,3 415,3 0,1
552,2 348,2 384,1 387,1 424,1 338,1 385,3 0,1
224,2 339,1 381,3 387,2 338,2 424,3 385,3 0,1
224,1 338,1 339,1 348,1 385,1 424,1 387,1 0,1
442,1 348,2 409,3 345,2 415,1 344,2 346,2 0,1
442,1 521,3 450,1 385,3 520,3 394,1 0,0 0,1
224,1 348,1 414,1 411,1 344,1 345,1 346,1 0,1
442,1 348,2 409,3 345,2 415,2 344,2 346,2 0,1
224,1 514,1 348,1 424,1 335,1 350,1 371,1 0,1
240,2 348,2 338,1 339,1 346,2 382,1 0,0 0,1
224,1 283,1 348,1 531,1 415,1 417,1 344,1 0,1
552,1 520,1 544,1 0,0 0,0 0,0 0,0 0,2
442,1 348,2 409,3 345,1 415,1 344,2 346,1 0,1
224,1 348,1 387,1 338,1 382,1 424,1 337,1 0,1
552,2 344,1 345,1 349,1 544,2 343,1 0,0 0,1
224,1 542,1 515,1 451,1 0,0 0,0 0,0 0,2
442,1 339,1 520,3 389,1 387,1 338,2 385,2 0,1
442,1 348,1 347,2 436,1 457,2 351,1 346,2 0,1
224,1 343,1 348,1 531,1 345,1 415,1 417,1 0,1
552,1 395,1 0,0 0,0 0,0 0,0 0,0 0,1
224,1 530,1 348,1 531,1 344,1 415,1 417,1 0,1
224,1 348,1 195,1 519,1 338,1 520,1 387,1 0,1
