261,2 533,1 349,3 150,2 485,3 415,2 411,3 1,1
551,2 233,3 420,1 351,2 429,2 242,1 411,3 1,1
156,2 533,1 151,1 150,1 345,2 415,1 414,1 1,1
463,1 412,3 343,3 345,1 421,1 411,3 485,1 1,1
441,2 412,3 233,2 485,2 345,2 415,1 343,3 1,1
463,1 444,1 448,1 351,1 429,2 430,1 409,3 1,1
156,2 533,2 151,1 150,1 345,2 415,1 414,2 1,1
551,1 533,1 544,1 532,1 317,1 0,0 0,0 1,1
502,1 533,2 488,1 411,2 415,1 414,1 420,1 1,1
551,2 412,3 343,3 351,2 320,1 529,1 414,1 1,1
551,2 412,2 425,2 345,2 415,1 429,2 418,1 1,1
463,1 412,3 409,3 421,1 345,2 415,2 430,1 1,1
551,2 533,3 422,1 345,2 415,2 320,2 409,3 1,1
463,1 444,1 421,1 415,2 414,2 411,3 422,1 1,1
441,1 412,1 233,1 485,1 345,1 415,1 343,1 2,3
441,2 413,3 410,3 412,2 411,3 415,2 345,2 1,2
156,2 152,1 425,3 424,3 411,3 414,2 415,1 1,2
156,1 533,1 151,1 150,1 345,1 415,1 414,1 130,271
551,1 532,1 533,1 544,1 0,0 0,0 0,0 1,3
441,2 413,3 410,3 412,3 411,3 415,1 345,2 1,3
551,1 533,1 544,1 532,1 0,0 0,0 0,0 1,4
441,1 413,1 151,1 533,1 411,1 414,1 194,1 1,4
551,1 532,1 544,1 533,1 343,1 541,1 0,0 1,5
441,1 343,1 409,1 533,1 544,1 532,1 410,1 1,5
551,1 412,1 425,1 345,1 415,1 429,1 418,1 1,6
551,1 532,1 544,1 533,1 343,1 0,0 0,0 2,12
551,1 532,1 544,1 533,1 194,1 414,1 0,0 1,6
156,1 152,1 425,1 424,1 411,1 414,1 415,1 6,48
441,1 533,1 412,1 409,1 146,1 193,1 429,1 0,7
441,2 413,3 410,3 412,3 411,2 345,2 415,2 0,1
441,2 533,2 412,3 409,3 146,1 193,1 429,1 0,2
441,2 532,1 424,3 448,1 415,1 345,1 430,1 0,1
551,2 444,1 448,1 351,2 429,1 430,2 409,3 0,1
441,2 413,2 410,1 412,2 411,3 415,2 345,2 0,1
441,2 533,2 412,3 409,3 146,1 193,1 429,2 0,1
441,1 190,1 152,1 425,1 193,1 411,1 0,0 0,2
551,2 532,1 544,1 533,1 343,3 541,1 0,0 0,1
441,2 533,3 412,3 409,3 146,1 193,1 429,1 0,1
441,1 409,1 151,1 147,1 533,1 414,1 424,1 0,1
441,1 343,1 413,1 410,1 455,1 532,1 426,1 0,1
156,1 424,1 151,1 414,1 411,1 409,1 0,0 0,1
441,2 444,1 462,1 426,2 429,1 430,1 415,1 0,1
441,1 533,1 191,1 409,1 411,1 193,1 194,1 0,1
156,1 152,1 151,1 414,1 150,1 411,1 146,1 0,2
441,2 343,3 412,1 430,1 486,1 415,2 345,2 0,1
441,1 533,1 409,1 193,1 146,1 150,1 426,1 0,1
441,2 444,1 462,1 426,3 429,1 430,1 415,2 0,2
441,2 413,3 410,2 412,3 411,3 415,2 345,2 0,2
441,1 409,1 190,1 428,1 532,1 413,1 414,1 0,1
441,2 413,3 410,2 412,2 411,3 415,2 345,2 0,2
156,2 152,1 425,2 424,3 411,3 414,2 415,1 0,1
156,1 152,1 425,1 424,1 411,1 528,1 415,1 0,1
551,1 428,1 430,1 429,1 448,1 345,1 415,1 0,1
441,1 152,1 532,1 413,1 409,1 410,1 429,1 0,3
441,2 460,1 462,1 351,2 415,2 242,1 496,2 0,1
441,2 444,1 345,2 351,2 429,2 415,2 409,3 0,1
441,1 413,1 410,1 412,1 411,1 345,1 415,1 0,1
441,2 343,3 448,1 351,2 429,1 430,1 415,1 0,1
441,2 412,3 233,2 485,3 345,2 415,1 343,1 0,1
441,1 147,1 544,1 190,1 412,1 410,1 414,1 0,1
156,2 152,1 425,1 424,1 411,1 414,1 415,1 0,1
551,1 533,1 345,1 414,1 415,1 411,1 343,1 0,1
441,2 152,1 532,1 413,3 409,3 410,1 429,1 0,1
551,1 343,1 425,1 426,1 349,1 424,1 409,1 0,1
441,2 413,2 410,3 412,3 411,3 415,2 345,2 0,5
441,2 444,1 462,1 351,2 429,1 430,1 415,2 0,1
441,1 428,1 409,1 544,1 151,1 146,1 426,1 0,1
551,2 343,2 349,2 351,2 429,1 242,1 411,1 0,1
551,2 460,1 410,1 351,2 429,1 242,1 409,3 0,1
441,1 425,1 412,1 409,1 151,1 426,1 150,1 0,1
156,1 413,1 152,1 345,1 424,1 415,1 351,1 0,1
441,2 413,3 410,1 412,3 411,3 415,2 345,2 0,1
441,1 409,1 425,1 428,1 152,1 410,1 146,1 0,1
551,1 152,1 0,0 0,0 0,0 0,0 0,0 0,2
551,1 343,1 426,1 424,1 544,1 425,1 349,1 0,1
441,2 412,3 233,2 485,3 345,1 415,1 343,1 0,1
441,2 444,1 462,1 351,2 420,2 418,2 415,2 0,1
239,1 460,1 153,2 424,3 411,3 414,2 152,2 0,1
441,2 413,3 488,1 425,3 411,3 414,2 409,3 0,1
441,2 412,3 410,1 413,3 411,3 345,2 415,2 0,1
441,2 412,3 233,3 485,2 345,2 415,1 343,3 0,1
441,1 413,1 410,1 412,1 411,1 415,1 345,1 0,2
441,1 413,1 425,1 345,1 415,1 411,1 351,1 0,1
441,1 152,1 191,1 533,1 147,1 411,1 150,1 0,1
441,2 412,3 233,1 485,1 345,2 415,1 343,3 0,1
441,2 413,3 410,3 412,3 411,3 415,2 345,2 0,6
441,1 413,1 425,1 146,1 424,1 194,1 429,1 0,2
551,1 409,1 0,0 0,0 0,0 0,0 0,0 0,3
441,2 412,2 233,3 485,3 345,2 415,1 343,3 0,1
441,2 412,3 233,3 485,3 345,2 415,1 343,3 0,1
551,2 533,3 544,2 532,2 0,0 0,0 0,0 0,1
551,2 533,3 544,2 532,3 0,0 0,0 0,0 0,1
441,2 413,3 410,3 412,3 411,1 415,2 345,2 0,1
441,2 413,3 410,3 412,2 411,1 415,2 345,2 0,1
156,1 409,1 414,1 343,1 150,1 426,1 0,0 0,1
156,2 152,1 425,3 424,1 411,3 414,2 415,1 0,1
441,2 533,3 412,3 409,3 146,1 193,1 429,2 0,1
551,2 532,3 426,3 421,1 320,1 411,3 351,2 0,1
441,2 412,3 233,2 485,1 345,1 415,1 343,1 0,1
156,2 152,1 425,3 424,3 411,3 414,1 415,1 0,1
441,2 412,2 233,2 485,1 345,1 415,1 343,3 0,1
441,2 152,1 532,3 413,3 409,3 410,1 429,1 0,4
551,2 532,2 544,2 533,2 343,3 0,0 0,0 0,1
261,1 432,1 343,1 351,1 415,1 414,1 352,1 0,2
551,2 412,1 425,1 345,2 415,1 429,1 418,1 0,1
156,1 411,1 414,1 415,1 424,1 425,1 152,1 0,1
156,1 413,1 412,1 345,1 411,1 485,1 420,1 0,1
156,1 414,1 415,1 424,1 425,1 152,1 411,1 0,7
441,2 413,3 410,3 412,3 411,2 415,2 345,2 0,2
441,2 413,2 410,3 412,3 411,2 415,2 345,2 0,1
441,1 425,1 413,1 424,1 414,1 411,1 349,1 0,2
441,2 413,3 410,1 412,2 411,3 415,2 345,2 0,1
441,1 190,1 532,1 413,1 428,1 414,1 426,1 0,1
441,1 425,1 413,1 191,1 193,1 424,1 150,1 0,1
441,2 412,3 233,2 485,3 345,2 415,1 343,3 0,1
441,1 152,1 533,1 147,1 410,1 426,1 194,1 0,1
441,2 412,2 233,1 485,1 345,1 415,2 343,3 0,1
441,1 413,1 147,1 428,1 544,1 150,1 194,1 0,1
441,1 532,1 413,1 428,1 150,1 194,1 415,1 0,1
441,1 412,1 413,1 190,1 410,1 146,1 414,1 0,1
441,2 413,3 410,3 412,2 411,2 415,2 345,2 0,1
441,1 425,1 412,1 426,1 150,1 429,1 194,1 0,1
441,1 425,1 412,1 413,1 146,1 414,1 424,1 0,1
441,1 190,1 428,1 413,1 425,1 414,1 411,1 0,1
441,1 533,1 413,1 191,1 414,1 150,1 415,1 0,1
156,1 150,1 147,1 151,1 410,1 429,1 426,1 0,1
441,2 428,2 413,3 409,3 345,2 415,2 460,1 0,1
441,1 412,1 190,1 414,1 424,1 415,1 194,1 0,2
441,1 413,1 412,1 190,1 147,1 193,1 411,1 0,1
