439,2 370,2 180,1 336,1 380,1 0,0 0,0 1,1
439,2 367,3 370,3 369,3 380,1 0,0 0,0 1,1
259,1 226,1 0,0 0,0 0,0 0,0 0,0 1,1
439,2 370,2 373,1 0,0 0,0 0,0 0,0 1,1
439,2 367,3 380,1 373,2 183,2 0,0 0,0 2,2
439,2 180,3 183,2 379,1 380,1 0,0 0,0 1,1
439,2 380,1 183,1 379,1 378,2 0,0 0,0 1,1
439,2 367,3 380,1 379,1 336,1 0,0 0,0 1,1
439,2 367,3 373,2 183,1 0,0 0,0 0,0 1,1
259,2 370,1 380,1 371,3 0,0 0,0 0,0 1,1
500,1 184,1 380,1 0,0 0,0 0,0 0,0 1,1
439,2 426,1 373,2 183,1 0,0 0,0 0,0 1,1
439,2 367,3 380,1 379,1 448,1 0,0 0,0 2,2
439,1 367,1 380,1 379,1 336,1 0,0 0,0 2,2
439,2 380,1 367,3 379,1 336,1 0,0 0,0 2,2
439,2 367,3 426,2 379,1 183,1 0,0 0,0 1,1
439,2 380,1 514,1 373,1 0,0 0,0 0,0 1,1
259,2 184,2 297,1 380,1 0,0 0,0 0,0 1,1
439,2 373,2 380,1 336,1 0,0 0,0 0,0 1,1
259,1 367,1 184,1 0,0 0,0 0,0 0,0 1,1
439,2 180,3 380,1 379,1 183,1 0,0 0,0 1,1
259,2 367,3 375,2 380,1 0,0 0,0 0,0 1,1
439,2 514,3 373,2 380,1 0,0 0,0 0,0 3,3
259,1 380,1 184,1 367,1 0,0 0,0 0,0 44,51
439,2 380,1 373,1 336,1 0,0 0,0 0,0 6,7
439,2 514,2 373,2 0,0 0,0 0,0 0,0 5,6
439,1 380,1 367,1 373,1 183,1 0,0 0,0 5,7
439,2 514,3 373,1 0,0 0,0 0,0 0,0 9,13
439,2 514,3 373,2 0,0 0,0 0,0 0,0 9,13
439,1 380,1 373,1 336,1 0,0 0,0 0,0 24,35
189,1 426,1 184,1 0,0 0,0 0,0 0,0 2,3
439,1 426,1 373,1 183,1 0,0 0,0 0,0 4,6
439,2 426,1 373,2 183,2 0,0 0,0 0,0 2,3
259,1 184,1 367,1 0,0 0,0 0,0 0,0 8,12
189,1 380,1 184,1 367,1 0,0 0,0 0,0 8,13
439,2 514,2 373,2 380,1 0,0 0,0 0,0 3,5
439,1 426,1 367,1 379,1 183,1 0,0 0,0 3,5
439,1 367,1 373,1 183,1 0,0 0,0 0,0 110,190
439,1 380,1 426,1 373,1 183,1 0,0 0,0 4,7
189,1 184,1 367,1 0,0 0,0 0,0 0,0 124,230
439,1 184,1 0,0 0,0 0,0 0,0 0,0 9,17
189,1 367,1 184,1 0,0 0,0 0,0 0,0 11,22
259,1 184,1 367,1 380,1 0,0 0,0 0,0 1,2
439,2 514,1 373,1 0,0 0,0 0,0 0,0 1,2
439,1 373,1 336,1 0,0 0,0 0,0 0,0 5,10
439,2 380,1 542,2 373,1 0,0 0,0 0,0 1,2
439,2 370,3 373,1 0,0 0,0 0,0 0,0 3,6
439,1 180,1 367,1 373,1 0,0 0,0 0,0 3,6
439,2 380,1 367,3 370,3 379,1 0,0 0,0 1,2
439,1 370,1 373,1 0,0 0,0 0,0 0,0 2,4
439,2 367,3 380,1 373,2 183,1 0,0 0,0 1,2
439,1 542,1 373,1 0,0 0,0 0,0 0,0 214,449
439,2 370,3 373,2 0,0 0,0 0,0 0,0 8,18
439,1 514,1 373,1 0,0 0,0 0,0 0,0 15,34
549,1 544,1 0,0 0,0 0,0 0,0 0,0 10,24
189,1 367,1 375,1 0,0 0,0 0,0 0,0 2,5
189,1 368,1 427,1 0,0 0,0 0,0 0,0 2,5
189,1 514,1 368,1 0,0 0,0 0,0 0,0 12,30
439,2 514,2 373,1 0,0 0,0 0,0 0,0 1,3
189,1 514,1 542,1 0,0 0,0 0,0 0,0 1,3
439,1 368,1 367,1 426,1 0,0 0,0 0,0 1,3
439,2 370,1 373,1 0,0 0,0 0,0 0,0 1,3
259,1 375,1 367,1 0,0 0,0 0,0 0,0 1,3
549,1 367,1 0,0 0,0 0,0 0,0 0,0 1,4
439,2 380,1 373,2 336,1 0,0 0,0 0,0 1,4
439,1 367,1 183,1 373,1 0,0 0,0 0,0 1,4
189,1 368,1 367,1 183,1 0,0 0,0 0,0 1,4
439,1 370,1 367,1 369,1 0,0 0,0 0,0 1,5
549,1 514,1 0,0 0,0 0,0 0,0 0,0 1,5
189,1 426,1 375,1 0,0 0,0 0,0 0,0 1,5
439,2 375,2 0,0 0,0 0,0 0,0 0,0 5,26
439,1 544,1 367,1 426,1 0,0 0,0 0,0 1,8
439,1 375,1 0,0 0,0 0,0 0,0 0,0 2,21
439,2 367,3 368,3 426,1 0,0 0,0 0,0 1,12
189,1 368,1 351,1 0,0 0,0 0,0 0,0 0,2
439,1 451,1 367,1 369,1 0,0 0,0 0,0 0,2
439,1 190,1 0,0 0,0 0,0 0,0 0,0 0,6
189,1 427,1 0,0 0,0 0,0 0,0 0,0 0,2
189,1 514,1 544,1 0,0 0,0 0,0 0,0 0,1
549,1 368,1 0,0 0,0 0,0 0,0 0,0 0,3
439,1 368,1 183,1 0,0 0,0 0,0 0,0 0,2
439,1 367,1 368,1 426,1 0,0 0,0 0,0 0,9
439,1 367,1 373,1 427,1 0,0 0,0 0,0 0,1
439,1 183,1 371,1 0,0 0,0 0,0 0,0 0,1
549,2 544,2 0,0 0,0 0,0 0,0 0,0 0,1
439,2 367,3 370,3 369,3 0,0 0,0 0,0 0,1
189,1 336,1 368,1 0,0 0,0 0,0 0,0 0,1
439,2 451,3 367,3 369,1 380,1 0,0 0,0 0,1
439,2 370,3 427,1 336,1 0,0 0,0 0,0 0,1
439,2 380,1 367,1 180,3 373,2 0,0 0,0 0,1
439,1 367,1 370,1 369,1 0,0 0,0 0,0 0,8
439,2 373,2 336,1 0,0 0,0 0,0 0,0 0,3
189,1 368,1 185,1 0,0 0,0 0,0 0,0 0,1
439,1 428,1 513,1 0,0 0,0 0,0 0,0 0,1
439,1 380,1 367,1 426,1 371,1 0,0 0,0 0,1
439,1 367,1 379,1 336,1 0,0 0,0 0,0 0,1
439,2 180,1 429,2 183,1 0,0 0,0 0,0 0,1
439,2 514,1 373,2 0,0 0,0 0,0 0,0 0,1
439,2 373,1 427,1 367,2 0,0 0,0 0,0 0,1
439,1 368,1 180,1 0,0 0,0 0,0 0,0 0,1
439,2 367,3 373,2 378,1 0,0 0,0 0,0 0,1
439,1 515,1 427,1 0,0 0,0 0,0 0,0 0,1
439,1 367,1 451,1 369,1 0,0 0,0 0,0 0,2
439,1 544,1 427,1 0,0 0,0 0,0 0,0 0,1
439,1 514,1 367,1 380,1 379,1 0,0 0,0 0,1
259,1 428,1 380,1 351,1 183,1 0,0 0,0 0,1
439,2 367,3 451,1 369,3 380,1 0,0 0,0 0,1
189,1 514,1 373,1 367,1 380,1 0,0 0,0 0,1
439,1 367,1 544,1 426,1 0,0 0,0 0,0 0,4
549,1 180,1 0,0 0,0 0,0 0,0 0,0 0,2
439,2 367,3 451,3 369,3 426,3 0,0 0,0 0,1
189,2 380,1 368,3 427,2 0,0 0,0 0,0 0,1
189,1 349,1 426,1 380,1 0,0 0,0 0,0 0,1
439,1 367,1 427,1 373,1 0,0 0,0 0,0 0,1
278,1 373,2 0,0 0,0 0,0 0,0 0,0 0,1
439,1 367,1 370,1 194,1 0,0 0,0 0,0 0,1
439,1 181,1 367,1 370,1 0,0 0,0 0,0 0,1
439,1 428,1 369,1 426,1 0,0 0,0 0,0 0,1
439,1 367,1 370,1 451,1 0,0 0,0 0,0 0,1
549,1 312,1 0,0 0,0 0,0 0,0 0,0 0,1
439,1 367,1 426,1 192,1 0,0 0,0 0,0 0,1
259,1 180,1 373,1 183,1 0,0 0,0 0,0 0,1
509,1 368,3 0,0 0,0 0,0 0,0 0,0 0,1
439,2 451,3 367,3 369,3 380,1 0,0 0,0 0,1
439,2 367,3 370,3 379,1 0,0 0,0 0,0 0,1
259,1 367,1 375,1 0,0 0,0 0,0 0,0 0,1
439,1 370,1 367,1 451,1 0,0 0,0 0,0 0,1
439,1 380,1 542,1 373,1 0,0 0,0 0,0 0,1
259,1 514,1 373,1 367,1 0,0 0,0 0,0 0,1
278,1 380,1 373,1 0,0 0,0 0,0 0,0 0,1
439,2 184,1 380,1 0,0 0,0 0,0 0,0 0,1
439,2 350,2 380,1 367,3 0,0 0,0 0,0 0,1
500,1 370,1 373,1 0,0 0,0 0,0 0,0 0,1
439,1 181,1 426,1 514,1 0,0 0,0 0,0 0,1
549,2 514,3 0,0 0,0 0,0 0,0 0,0 0,1
439,2 380,1 426,3 373,2 183,1 0,0 0,0 0,2
439,2 180,3 380,1 183,1 379,1 0,0 0,0 0,1
439,2 184,2 0,0 0,0 0,0 0,0 0,0 0,1
