552,2 514,2 315,1 371,3 346,1 369,1 0,0 1,1
291,1 339,1 459,2 276,2 280,1 237,2 394,1 1,1
442,1 348,1 409,3 420,1 345,1 346,1 417,2 1,1
224,1 343,1 348,1 346,1 415,1 344,1 417,1 2,2
442,1 348,1 424,3 457,2 351,2 448,1 357,3 1,1
224,1 361,1 354,1 362,1 141,1 357,1 555,1 1,1
291,1 184,2 297,1 242,1 351,2 237,1 380,1 1,1
552,2 436,1 512,1 312,3 457,2 546,1 490,3 1,1
224,2 348,2 344,2 414,1 415,1 346,2 417,1 1,1
554,1 348,2 366,1 436,1 357,3 362,2 0,0 1,1
291,1 405,1 333,2 401,2 351,2 0,0 0,0 1,1
552,2 514,3 315,2 371,3 448,1 346,2 380,1 1,1
224,2 348,2 346,2 351,2 357,3 457,2 458,1 2,2
224,2 348,2 354,1 346,2 457,2 359,1 357,3 1,1
262,2 348,2 343,1 344,1 345,1 346,2 351,2 1,1
224,2 348,2 409,3 345,2 417,2 344,2 0,0 1,1
442,1 348,2 424,3 457,2 351,2 448,1 357,3 2,2
552,2 515,3 546,1 312,3 457,2 512,1 346,2 1,1
442,1 342,1 359,2 457,2 351,2 357,3 356,3 1,1
554,1 542,1 348,2 411,3 344,2 424,3 351,2 1,1
442,1 348,2 343,1 415,1 344,2 417,2 346,1 1,1
552,1 514,1 543,1 542,1 311,1 515,1 0,0 1,1
262,2 152,1 424,3 344,2 411,3 417,2 346,2 1,1
224,2 436,1 345,2 415,2 344,2 411,3 351,2 1,1
291,1 394,1 542,1 474,1 387,2 175,2 237,2 1,1
554,1 542,2 339,1 387,2 237,1 175,2 352,1 1,1
554,1 542,1 348,2 411,3 424,3 344,2 351,2 1,1
552,1 514,1 543,1 513,1 542,1 515,1 0,0 1,1
224,1 348,1 344,1 415,1 414,1 417,1 346,1 2,2
552,1 388,1 308,1 394,1 520,1 0,0 0,0 1,1
224,2 348,2 411,1 344,1 417,1 414,1 351,2 1,1
291,1 542,2 474,1 462,1 387,2 555,3 237,2 1,1
224,2 184,1 346,2 371,3 424,3 195,1 183,1 2,2
291,1 233,3 485,3 457,2 411,3 351,2 422,1 2,2
291,1 542,1 523,1 341,2 525,2 346,2 0,0 1,1
224,1 348,1 395,1 436,1 163,1 158,1 161,1 1,1
552,2 184,1 546,1 457,2 312,1 512,1 0,0 2,2
554,1 348,2 353,3 354,3 357,3 490,3 351,2 1,1
224,2 348,2 409,3 414,2 345,2 420,1 417,2 4,4
224,1 348,1 542,1 402,1 539,1 448,1 346,1 1,1
224,1 348,1 341,1 359,1 360,1 346,1 273,1 1,1
442,1 348,2 357,3 362,1 457,1 351,2 0,0 1,1
291,1 436,1 373,2 371,3 351,2 490,3 297,1 1,1
200,1 348,2 519,2 338,2 175,1 389,1 0,0 1,1
552,2 287,3 459,2 385,3 306,3 168,3 394,1 1,1
442,1 348,2 394,1 287,1 337,3 351,2 385,3 1,1
442,1 348,2 347,2 354,1 457,2 490,3 358,1 1,1
554,1 514,3 436,1 542,1 371,3 249,1 237,1 1,1
442,1 348,2 542,2 414,2 345,2 344,2 346,2 1,1
291,1 514,2 348,1 347,2 371,3 346,2 0,0 1,1
442,1 361,2 450,1 358,2 364,1 525,1 366,1 1,1
442,1 361,2 351,2 341,2 457,2 525,2 357,3 2,2
224,1 348,1 395,1 436,1 161,1 163,1 158,1 1,1
442,1 348,2 450,1 369,3 351,2 367,3 380,1 2,2
224,2 413,2 412,2 345,1 415,2 417,1 0,0 1,1
552,2 515,3 546,1 312,3 457,1 512,2 346,2 1,1
442,1 348,2 354,3 357,3 351,2 359,2 358,1 1,1
442,1 361,2 341,2 490,3 457,1 357,3 346,2 1,1
442,1 361,2 351,2 341,2 457,2 525,1 357,3 1,1
262,2 152,2 424,3 344,2 411,3 457,2 415,2 2,2
552,2 381,1 426,1 339,1 387,1 306,1 385,1 2,2
552,2 184,1 546,1 457,1 312,3 512,2 0,0 1,1
442,1 532,3 426,3 528,1 546,1 421,1 344,2 1,1
503,2 492,1 546,2 387,2 520,3 0,0 0,0 1,1
442,1 348,2 485,3 411,3 420,2 344,2 351,2 1,1
442,1 380,1 436,1 371,3 369,3 490,3 491,2 1,1
552,1 184,1 546,1 312,1 457,1 512,1 0,0 1,1
262,2 152,1 424,3 344,2 411,3 457,2 415,2 1,1
224,2 348,2 354,1 346,2 457,2 359,1 357,1 1,1
552,2 542,2 315,2 249,1 371,3 0,0 0,0 1,1
442,1 255,1 347,1 436,1 351,2 337,3 0,0 1,1
442,1 348,2 450,1 542,2 344,2 422,1 0,0 1,1
224,2 184,1 346,1 371,3 424,1 195,1 183,1 1,1
442,1 348,1 346,1 345,1 344,1 414,1 411,1 2,2
291,1 348,2 490,1 351,2 357,3 237,1 346,2 1,1
442,1 348,2 346,1 345,2 344,2 414,2 411,3 1,1
552,1 533,1 544,1 531,1 343,1 0,0 0,0 1,1
224,1 361,1 426,1 353,1 354,1 242,1 357,1 1,1
291,1 514,3 436,1 371,3 448,1 542,1 351,2 1,1
224,2 339,1 424,3 387,2 337,3 351,2 385,3 1,1
442,1 348,2 459,1 337,3 385,3 387,2 351,1 2,2
442,1 348,2 457,2 411,3 351,2 485,1 346,2 1,1
442,1 348,1 343,1 415,1 344,1 417,1 346,1 1,1
224,1 413,1 426,1 345,1 415,1 430,1 414,1 1,1
442,1 436,1 428,2 425,3 351,2 411,3 457,2 2,2
224,1 348,1 395,1 402,1 163,1 161,1 158,1 1,1
552,1 339,1 543,1 337,1 519,1 0,0 0,0 1,1
224,1 342,1 341,1 359,1 525,1 358,1 458,1 2,2
552,1 542,1 436,1 514,1 312,1 371,1 367,1 1,1
442,1 342,1 357,3 457,2 351,2 366,1 362,1 1,1
442,1 348,2 346,2 414,2 345,2 344,2 411,3 2,2
442,1 348,2 347,2 436,1 457,2 351,2 346,2 3,3
552,1 514,1 436,1 315,1 371,1 0,0 0,0 1,1
442,1 348,1 459,1 337,3 385,3 387,2 351,1 1,1
442,1 413,3 343,3 528,1 150,1 415,2 436,1 1,1
552,2 436,1 345,1 320,1 344,2 409,1 0,0 1,1
552,2 542,1 315,1 514,3 371,3 237,1 380,1 1,1
224,2 184,1 367,3 371,3 179,1 351,2 457,2 1,1
552,2 533,1 543,1 542,1 0,0 0,0 0,0 1,1
442,1 348,2 343,3 415,2 344,2 417,2 346,2 1,1
552,2 515,3 312,3 457,2 512,1 351,2 380,1 1,1
442,1 348,2 385,3 457,2 337,3 351,2 381,3 1,1
240,2 436,1 351,2 542,2 385,3 520,3 337,3 1,1
442,1 376,2 372,1 371,3 0,0 0,0 0,0 1,1
291,1 348,2 366,1 357,3 542,2 359,2 525,2 1,1
291,1 361,2 357,3 141,2 457,2 138,1 351,2 1,1
224,2 339,1 338,2 424,3 337,3 351,2 387,1 1,1
552,1 514,1 315,1 371,1 346,1 369,1 0,0 1,1
552,1 538,1 543,1 0,0 0,0 0,0 0,0 2,2
442,1 339,1 381,3 387,1 338,2 337,3 385,3 1,1
442,1 348,2 346,1 414,2 345,1 344,2 411,3 1,1
552,2 518,2 306,2 520,3 519,2 546,2 0,0 1,1
552,2 515,3 315,1 510,1 0,0 0,0 0,0 1,1
552,1 367,1 372,1 426,1 329,1 371,1 0,0 1,1
552,2 436,1 546,1 514,3 371,3 312,2 542,2 1,1
291,1 348,2 411,3 415,2 490,3 351,2 414,2 1,1
224,1 361,1 542,1 341,1 359,1 360,1 358,1 1,1
291,1 184,2 180,3 179,3 351,2 457,2 555,1 1,1
224,1 184,1 367,1 371,1 179,1 351,1 457,1 1,1
442,1 413,3 412,1 345,2 351,2 411,3 344,2 1,1
552,2 514,2 315,1 426,1 513,1 371,1 0,0 1,1
442,1 492,1 422,1 424,3 344,2 490,3 277,1 1,1
291,1 460,1 529,1 448,1 237,1 0,0 0,0 1,1
552,1 348,1 308,1 457,1 542,1 0,0 0,0 1,1
552,1 515,1 514,1 312,1 542,1 544,1 0,0 1,1
240,2 348,2 347,2 414,3 345,1 344,3 346,3 1,1
552,1 514,1 315,1 426,1 513,1 371,1 0,0 4,4
224,1 367,1 436,1 433,1 371,1 0,0 0,0 1,1
224,1 348,1 411,1 490,1 344,1 424,1 351,1 2,2
552,1 515,1 514,1 513,1 542,1 312,1 0,0 1,1
552,2 361,1 436,1 357,3 323,1 525,1 353,1 1,1
224,1 427,1 0,0 0,0 0,0 0,0 0,0 1,1
442,1 436,1 198,2 344,2 351,2 411,3 485,3 1,1
291,1 391,2 462,1 387,2 385,3 490,3 296,1 1,1
552,1 515,1 347,1 514,1 315,1 367,1 0,0 1,1
552,2 339,1 518,1 394,1 306,1 387,1 337,3 1,1
224,2 361,2 354,3 445,1 357,3 138,3 346,2 1,1
442,1 348,2 357,3 362,1 457,2 351,2 0,0 1,1
552,1 184,1 426,1 367,1 312,1 371,1 555,1 1,1
224,1 348,1 546,1 402,1 161,1 163,1 346,1 1,1
442,1 348,2 421,1 344,2 351,2 415,2 422,1 1,1
554,1 542,1 339,1 337,3 387,1 448,1 175,2 1,1
442,1 348,2 344,2 411,1 351,2 485,3 346,2 1,1
291,1 394,1 542,2 474,1 387,2 175,2 237,2 1,1
442,1 348,2 344,2 411,3 351,1 485,3 346,2 1,1
224,2 348,2 542,2 414,2 345,2 415,2 346,2 1,1
224,2 348,2 411,3 344,2 417,2 414,2 351,2 2,2
224,2 348,2 344,2 414,2 415,2 346,2 417,2 3,3
291,1 542,2 474,1 493,1 0,0 0,0 0,0 1,1
552,2 542,2 315,2 371,3 351,2 346,2 0,0 1,1
552,2 542,1 315,1 514,3 371,2 237,1 380,1 1,1
442,1 348,2 344,2 411,3 351,2 485,1 346,2 1,1
224,1 339,1 387,1 386,1 346,1 280,1 172,1 1,1
552,1 514,1 543,1 544,1 0,0 0,0 0,0 1,1
442,1 255,1 228,1 161,1 163,1 408,1 0,0 1,1
442,1 492,1 422,1 421,1 344,2 0,0 0,0 1,1
224,2 348,2 339,1 382,1 387,1 346,2 426,2 1,1
442,1 348,1 357,3 362,1 457,1 351,1 0,0 1,1
291,1 542,1 184,2 514,3 348,1 367,3 0,0 1,1
442,1 348,2 346,1 345,1 344,2 414,2 411,3 1,1
224,1 348,1 344,1 415,1 346,1 414,1 417,1 1,1
442,1 348,2 411,3 351,2 485,3 344,2 346,2 1,1
442,1 348,2 450,1 490,3 457,2 0,0 0,0 1,1
442,1 361,1 341,1 490,1 457,1 357,3 346,1 1,1
442,1 348,1 426,1 402,1 161,1 163,1 346,1 1,1
442,1 348,1 542,1 414,1 345,1 344,2 346,1 1,1
442,1 361,1 436,1 357,1 362,1 351,2 353,1 1,1
291,1 233,3 485,3 411,3 351,2 555,3 237,2 1,1
552,1 514,1 542,1 513,1 312,1 543,1 0,0 1,1
291,1 184,2 179,3 351,2 457,1 555,3 237,1 1,1
291,1 533,3 529,1 448,1 0,0 0,0 0,0 1,1
552,2 542,1 436,1 371,3 312,2 514,3 367,3 1,1
442,1 348,2 436,1 415,2 448,1 417,2 0,0 1,1
224,2 348,1 345,1 344,2 457,2 411,1 0,0 1,1
442,1 348,1 347,2 345,2 344,1 346,2 0,0 2,2
224,2 514,3 184,1 424,1 371,3 179,1 346,2 1,1
442,1 348,1 450,1 344,1 420,2 0,0 0,0 1,1
554,1 348,2 367,3 380,1 351,2 448,1 372,2 1,1
442,1 348,2 426,3 402,1 161,1 163,1 346,2 1,1
442,1 348,1 344,1 411,1 351,2 485,1 346,1 1,1
442,1 348,1 346,2 345,1 344,2 414,2 411,3 1,1
224,2 354,3 436,1 357,3 424,3 448,1 361,1 1,1
224,2 348,1 411,1 344,2 417,1 414,2 351,2 1,1
442,1 413,3 414,2 415,2 150,1 417,2 411,3 2,2
291,1 436,1 459,2 338,2 280,1 237,2 296,1 1,1
442,1 348,1 409,3 414,2 345,1 346,2 417,2 1,1
552,2 514,2 543,2 513,1 544,2 0,0 0,0 1,1
552,1 542,1 543,1 544,1 306,1 0,0 0,0 2,2
291,1 339,1 462,1 175,1 351,2 337,3 555,3 1,1
552,2 343,1 409,1 150,1 345,1 320,1 344,1 1,1
442,1 348,2 347,2 345,1 344,1 346,1 0,0 2,2
240,2 348,2 347,3 414,3 345,2 344,3 346,2 1,1
442,1 348,2 347,2 345,2 344,1 414,1 0,0 1,1
552,2 514,1 542,1 544,2 543,2 0,0 0,0 1,1
442,1 348,2 343,3 415,1 344,2 417,1 346,2 1,1
224,1 348,1 138,1 341,1 359,1 360,1 346,1 3,3
552,2 533,1 543,1 344,1 343,1 0,0 0,0 1,1
552,1 184,1 180,1 542,1 312,1 514,1 555,1 1,1
552,2 348,1 359,1 324,1 525,2 341,1 0,0 1,1
291,1 443,1 339,1 337,3 351,2 237,2 296,1 1,1
224,1 348,1 341,1 429,1 525,1 358,1 424,1 1,1
442,1 348,2 450,1 344,1 420,2 0,0 0,0 1,1
552,2 533,2 543,1 544,2 0,0 0,0 0,0 1,1
291,1 436,1 542,1 351,2 555,3 165,2 163,2 1,1
552,2 348,2 397,3 301,2 483,1 346,2 426,3 1,1
552,1 514,1 543,1 515,1 0,0 0,0 0,0 1,1
442,1 348,2 345,2 344,2 414,2 411,3 420,1 1,1
224,1 348,1 542,1 341,1 359,1 525,1 196,1 1,1
442,1 391,2 338,2 387,1 424,2 385,3 0,0 1,1
291,1 436,1 462,1 175,1 351,2 555,3 203,1 1,1
442,1 348,1 409,3 414,2 345,1 346,1 417,2 1,1
224,2 348,2 339,1 382,3 387,2 346,2 426,3 1,1
442,1 348,2 346,1 414,1 345,2 344,2 411,3 1,1
552,2 514,3 315,1 371,1 179,1 367,1 0,0 1,1
442,1 348,2 354,1 357,1 351,2 359,1 358,1 1,1
442,1 348,1 347,2 345,1 344,1 346,2 0,0 1,1
224,1 542,1 162,1 541,1 158,1 402,1 163,1 1,1
442,1 348,2 346,2 345,1 344,2 414,2 411,3 1,1
442,1 436,1 357,3 457,2 525,1 351,2 453,3 13,14
442,1 436,1 357,3 457,2 525,2 351,2 453,3 11,12
442,1 413,1 414,1 415,1 150,1 417,1 411,1 4,5
224,2 184,1 346,2 371,3 424,1 195,1 183,1 3,4
224,2 348,2 411,3 490,3 344,2 424,3 351,2 5,7
224,1 348,1 542,1 402,1 406,1 346,1 395,1 5,7
224,1 348,1 395,1 402,1 161,1 163,1 158,1 27,38
224,1 184,1 371,1 179,1 424,1 457,1 426,1 4,6
442,1 348,2 395,1 402,1 161,1 158,1 163,1 2,3
554,1 343,3 348,2 351,1 411,3 457,2 415,2 2,3
224,1 514,1 184,1 542,1 371,1 424,1 369,1 2,3
552,1 515,1 514,1 315,1 373,1 0,0 0,0 2,3
442,1 348,2 414,2 420,1 345,1 411,3 344,2 2,3
291,1 339,1 459,2 546,1 237,1 280,1 346,2 2,3
224,2 348,2 395,3 333,2 402,2 346,2 426,2 2,3
552,1 542,1 543,1 544,1 525,1 527,1 0,0 2,3
224,1 348,1 344,1 411,1 414,1 457,1 148,1 4,6
224,1 348,1 395,1 402,1 161,1 163,1 346,1 15,23
224,1 533,1 344,1 414,1 415,1 531,1 0,0 11,17
224,1 184,1 373,1 371,1 179,1 183,1 367,1 3,5
442,1 348,2 345,2 344,2 415,2 351,2 422,1 3,5
224,1 361,1 354,1 357,1 138,1 359,1 195,1 3,5
224,1 436,1 345,1 344,1 415,1 417,1 0,0 19,32
224,1 348,1 354,1 359,1 357,1 457,1 138,1 121,204
224,1 348,1 542,1 341,1 359,1 525,1 458,1 17,29
224,1 348,1 426,1 448,1 402,1 406,1 346,1 42,73
224,1 542,1 348,1 415,1 346,1 417,1 411,1 8,14
224,1 361,1 423,1 341,1 359,1 525,1 358,1 4,7
224,1 542,1 533,1 415,1 344,1 424,1 411,1 53,93
224,1 514,1 184,1 424,1 371,1 179,1 346,1 75,132
224,1 184,1 514,1 371,1 195,1 424,1 367,1 6,11
224,1 184,1 180,1 179,1 371,1 457,1 346,1 33,61
224,1 348,1 344,1 414,1 415,1 417,1 346,1 21,39
224,1 184,1 179,1 371,1 424,1 346,1 185,1 44,82
224,1 348,1 341,1 359,1 525,1 358,1 458,1 17,32
224,1 184,1 346,1 371,1 424,1 195,1 183,1 306,583
224,1 348,1 160,1 402,1 161,1 163,1 346,1 14,27
224,1 184,1 371,1 346,1 424,1 335,1 427,1 18,35
442,1 339,1 381,3 387,2 338,2 337,3 385,3 1,2
552,2 184,1 367,1 542,2 312,1 514,3 351,2 1,2
224,1 348,1 542,1 341,1 359,1 525,1 194,1 2,4
262,1 339,1 385,1 172,1 387,1 393,1 394,1 1,2
224,1 514,1 184,1 424,1 371,1 457,1 346,1 1,2
552,1 542,1 543,1 544,1 531,1 0,0 0,0 1,2
224,1 184,1 542,1 371,1 424,1 179,1 183,1 44,88
224,1 275,1 287,1 351,1 457,1 337,1 385,1 1,2
224,1 542,1 348,1 415,1 417,1 346,1 411,1 1,2
442,1 348,2 179,1 369,1 457,2 351,2 428,1 1,2
224,1 348,1 353,1 457,1 341,1 525,1 357,1 2,4
552,1 514,1 542,1 544,1 543,1 0,0 0,0 2,4
224,1 184,1 185,1 371,1 179,1 424,1 427,1 2,4
224,1 184,1 179,1 371,1 424,1 427,1 185,1 2,4
224,1 348,1 542,1 373,1 514,1 371,1 546,1 4,8
224,1 348,1 341,1 359,1 525,1 457,1 358,1 1,2
442,1 348,1 424,3 457,2 351,2 448,1 357,2 1,2
224,1 348,1 542,1 402,1 333,1 395,1 0,0 3,6
224,1 348,1 354,1 359,1 357,1 341,1 138,1 1,2
224,1 348,1 357,1 141,1 424,1 138,1 359,1 1,2
224,1 348,1 341,1 429,1 525,1 358,1 141,1 1,2
224,1 348,1 357,1 341,1 358,1 346,1 359,1 1,2
224,1 348,1 409,1 414,1 345,1 417,1 346,1 1,2
224,1 514,1 184,1 424,1 371,1 179,1 183,1 1,2
224,1 348,1 351,1 357,1 346,1 457,1 341,1 2,4
442,1 348,2 450,1 490,3 382,1 0,0 0,0 1,2
224,1 348,1 514,1 371,1 335,1 346,1 427,1 6,12
224,1 514,1 184,1 542,1 371,1 346,1 369,1 1,2
442,1 348,2 542,1 414,2 345,1 344,2 346,2 4,8
224,2 348,2 339,1 382,3 387,1 346,2 381,3 1,2
224,1 348,1 355,1 362,1 424,1 141,1 138,1 1,2
442,1 348,2 450,1 344,1 351,2 0,0 0,0 1,2
224,1 348,1 346,1 344,1 457,1 417,1 414,1 1,2
442,1 339,1 385,1 337,3 457,2 338,2 0,0 1,2
442,1 348,2 450,1 344,2 351,2 0,0 0,0 3,6
442,1 348,1 450,1 344,2 351,1 0,0 0,0 1,2
224,1 184,1 180,1 457,1 179,1 371,1 346,1 8,16
552,2 348,2 514,3 315,2 542,2 0,0 0,0 2,4
224,1 348,1 346,1 414,1 417,1 415,1 344,1 17,34
224,1 348,1 172,1 385,1 424,1 387,1 381,1 6,12
224,1 542,1 533,1 344,1 424,1 411,1 351,1 3,6
291,1 436,1 411,3 351,2 414,2 485,3 344,2 1,2
552,2 515,3 546,1 312,1 457,1 512,1 346,1 1,2
224,1 348,1 359,1 357,1 341,1 358,1 542,1 2,4
442,1 348,2 409,3 414,2 345,2 346,2 417,2 1,2
224,1 343,1 414,1 345,1 415,1 417,1 344,1 2,4
224,1 348,1 542,1 402,1 539,1 537,1 346,1 65,130
224,1 542,1 184,1 371,1 424,1 185,1 369,1 13,26
224,1 348,1 344,1 414,1 415,1 346,1 417,1 192,390
224,1 184,1 180,1 371,1 179,1 457,1 346,1 17,35
224,1 514,1 184,1 424,1 371,1 185,1 369,1 27,56
224,1 348,1 395,1 333,1 402,1 346,1 426,1 11,23
224,1 348,1 409,1 414,1 415,1 417,1 195,1 37,78
224,1 348,1 426,1 402,1 161,1 158,1 163,1 7,15
224,1 348,1 346,1 402,1 161,1 163,1 427,1 35,75
224,1 348,1 354,1 346,1 457,1 359,1 357,1 14,30
224,1 162,1 402,1 161,1 163,1 424,1 395,1 20,43
224,1 542,1 348,1 415,1 417,1 414,1 411,1 11,24
224,1 514,1 184,1 371,1 424,1 185,1 369,1 4,9
224,1 184,1 367,1 371,1 179,1 351,1 346,1 4,9
224,1 348,1 395,1 402,1 163,1 158,1 161,1 28,64
224,1 162,1 194,1 537,1 158,1 402,1 163,1 3,7
224,1 348,1 344,1 346,1 414,1 415,1 417,1 6,14
224,1 348,1 542,1 424,1 161,1 158,1 163,1 23,54
224,1 152,1 344,1 414,1 415,1 346,1 417,1 5,12
224,1 542,1 533,1 424,1 344,1 417,1 409,1 5,12
224,1 184,1 514,1 371,1 424,1 185,1 369,1 2,5
224,1 348,1 457,1 354,1 359,1 357,1 138,1 2,5
224,1 348,1 542,1 402,1 539,1 346,1 424,1 4,10
224,1 348,1 344,1 346,1 415,1 417,1 414,1 2,5
224,1 348,1 333,1 402,1 346,1 426,1 395,1 20,50
224,1 348,1 179,1 371,1 457,1 367,1 351,1 2,5
442,1 348,2 542,2 414,2 345,1 344,2 346,2 2,5
224,1 348,1 414,1 344,1 346,1 415,1 417,1 4,10
224,1 348,1 344,1 411,1 414,1 417,1 351,1 5,13
224,1 348,1 414,1 346,1 415,1 417,1 344,1 10,26
224,1 184,1 346,1 185,1 424,1 371,1 179,1 3,8
224,1 348,1 542,1 414,1 415,1 417,1 411,1 4,11
224,1 348,1 458,1 359,1 341,1 357,1 346,1 8,22
224,1 533,1 344,1 414,1 415,1 417,1 409,1 19,55
224,1 514,1 184,1 424,1 371,1 369,1 185,1 66,196
224,1 162,1 159,1 158,1 160,1 163,1 161,1 1,3
442,1 348,2 346,2 345,2 344,2 414,2 411,3 1,3
442,1 348,2 459,2 385,3 387,2 351,2 337,3 1,3
224,1 162,1 159,1 158,1 160,1 161,1 163,1 1,3
552,1 514,1 543,1 513,1 541,1 544,1 0,0 1,3
552,1 180,1 514,1 315,1 542,1 371,1 0,0 1,3
224,1 348,1 344,1 414,1 346,1 417,1 411,1 3,9
442,1 348,2 357,3 362,2 457,2 351,2 0,0 1,3
442,1 348,1 424,1 457,1 351,1 448,1 357,1 1,3
224,1 348,1 409,1 414,1 345,1 346,1 417,1 1,3
224,1 361,1 341,1 141,1 358,1 359,1 360,1 1,3
552,1 533,1 543,1 542,1 0,0 0,0 0,0 2,6
224,1 348,1 514,1 373,1 371,1 346,1 427,1 2,6
224,1 348,1 354,1 357,1 359,1 141,1 358,1 1,3
224,1 184,1 373,1 346,1 371,1 424,1 426,1 3,9
224,1 542,1 533,1 414,1 344,1 417,1 346,1 1,3
224,1 398,1 162,1 402,1 163,1 158,1 161,1 1,3
224,1 184,1 185,1 371,1 179,1 424,1 183,1 23,73
224,1 348,1 514,1 335,1 371,1 346,1 427,1 13,43
224,1 184,1 179,1 371,1 424,1 185,1 183,1 5,17
224,1 348,1 436,1 141,1 359,1 357,1 138,1 5,17
224,1 184,1 183,1 179,1 371,1 424,1 185,1 4,14
224,1 348,1 414,1 415,1 344,1 417,1 346,1 2,7
224,1 533,1 344,1 414,1 415,1 417,1 426,1 2,7
224,1 348,1 395,1 346,1 161,1 402,1 163,1 2,7
552,1 381,1 426,1 339,1 387,1 306,1 385,1 2,7
224,1 348,1 414,1 346,1 344,1 417,1 415,1 4,15
224,1 184,1 371,1 426,1 424,1 179,1 185,1 4,15
224,1 514,1 348,1 335,1 371,1 346,1 427,1 3,12
552,1 542,1 543,1 544,1 537,1 539,1 0,0 1,4
224,1 184,1 183,1 179,1 371,1 185,1 369,1 1,4
224,1 394,1 339,1 390,1 351,1 385,1 0,0 1,4
224,1 348,1 344,1 414,1 345,1 411,1 343,1 1,4
224,1 361,1 138,1 354,1 357,1 542,1 362,1 1,4
224,1 361,1 354,1 138,1 542,1 357,1 362,1 1,4
552,1 533,1 542,1 544,1 530,1 0,0 0,0 1,4
552,1 514,1 315,1 542,1 543,1 0,0 0,0 1,4
552,1 514,1 351,1 515,1 544,1 0,0 0,0 1,4
224,1 514,1 184,1 371,1 424,1 346,1 369,1 1,4
442,1 348,2 347,2 345,1 344,1 346,2 0,0 1,4
224,1 184,1 514,1 371,1 195,1 424,1 546,1 6,25
224,1 348,1 351,1 414,1 345,1 457,1 346,1 4,17
552,1 533,1 543,1 544,1 0,0 0,0 0,0 2,9
224,1 348,1 542,1 415,1 417,1 414,1 411,1 2,9
552,1 533,1 345,1 531,1 0,0 0,0 0,0 1,5
224,1 348,1 411,1 344,1 417,1 414,1 351,1 1,5
224,1 515,1 180,1 373,1 369,1 179,1 371,1 1,5
224,1 348,1 341,1 141,1 424,1 135,1 357,1 1,5
224,1 361,1 359,1 341,1 346,1 358,1 360,1 1,5
224,1 348,1 401,1 158,1 424,1 351,1 400,1 1,5
552,1 544,1 543,1 525,1 527,1 0,0 0,0 1,6
552,1 544,1 543,1 538,1 0,0 0,0 0,0 1,6
224,1 184,1 179,1 369,1 371,1 346,1 185,1 1,6
552,1 533,1 542,1 544,1 0,0 0,0 0,0 2,13
224,1 180,1 184,1 369,1 371,1 179,1 185,1 1,7
224,1 343,1 542,1 414,1 345,1 415,1 531,1 1,8
552,1 533,1 543,1 542,1 344,1 409,1 0,0 1,9
552,1 514,1 543,1 513,1 544,1 0,0 0,0 1,9
224,1 348,1 409,1 414,1 345,1 344,1 346,1 1,9
552,1 542,1 543,1 544,1 519,1 0,0 0,0 1,10
552,1 515,1 514,1 513,1 543,1 0,0 0,0 1,11
224,1 348,1 344,1 414,1 424,1 345,1 346,1 1,11
224,1 348,1 409,1 414,1 345,1 420,1 417,1 0,1
224,1 348,1 422,1 345,1 344,1 457,1 351,1 0,3
224,1 348,1 414,1 344,1 417,1 411,1 351,1 0,1
224,2 348,2 395,3 333,2 402,1 346,2 426,1 0,1
291,1 180,2 373,2 371,3 380,1 199,1 0,0 0,1
262,2 428,2 347,2 193,1 457,2 423,3 351,2 0,2
552,1 514,1 543,1 542,1 544,1 0,0 0,0 0,2
224,1 399,1 425,1 426,1 192,1 400,1 163,1 0,1
442,1 361,2 341,2 490,3 457,2 357,3 346,2 0,2
224,1 542,1 533,1 344,1 415,1 417,1 0,0 0,1
224,1 413,1 414,1 415,1 344,1 417,1 429,1 0,4
224,1 348,1 457,1 345,1 344,1 411,1 0,0 0,1
552,1 174,1 384,1 337,1 306,1 172,1 0,0 0,3
442,1 348,2 414,1 351,2 345,2 415,1 346,2 0,1
552,1 542,1 543,1 344,1 345,1 343,1 0,0 0,1
262,2 348,2 384,3 381,3 490,3 338,2 346,2 0,1
224,1 413,1 410,1 409,1 147,1 146,1 150,1 0,1
262,2 348,2 367,3 490,3 371,3 377,2 346,2 0,1
224,1 348,1 345,1 273,1 237,1 350,1 0,0 0,1
552,2 533,1 531,1 543,2 546,1 0,0 0,0 0,1
262,2 348,2 347,2 457,2 490,1 346,2 0,0 0,1
224,1 184,1 369,1 179,1 371,1 424,1 427,1 0,2
554,1 348,2 459,2 387,1 346,2 391,2 0,0 0,1
224,1 349,1 0,0 0,0 0,0 0,0 0,0 0,6
224,1 361,1 542,1 359,1 341,1 358,1 350,1 0,1
224,1 361,1 357,1 341,1 139,1 358,1 196,1 0,1
554,1 348,2 337,3 387,2 520,3 351,2 0,0 0,1
442,1 348,1 347,1 345,2 344,1 346,1 0,0 0,1
291,1 339,1 352,1 237,2 280,1 172,2 394,1 0,1
224,2 348,2 395,3 333,1 402,1 346,2 426,3 0,1
224,1 348,1 415,1 346,1 344,1 417,1 414,1 0,1
442,1 348,2 450,1 371,3 367,3 0,0 0,0 0,1
224,1 348,1 386,1 389,1 338,1 194,1 172,1 0,5
552,1 514,1 315,1 379,1 371,1 367,1 0,0 0,1
224,1 348,1 341,1 359,1 360,1 346,1 426,1 0,2
554,1 348,2 357,3 525,1 524,1 353,3 0,0 0,1
552,2 514,2 543,2 513,1 542,1 515,2 0,0 0,1
442,1 348,2 485,3 457,2 411,3 351,2 346,2 0,1
224,1 184,1 371,1 457,1 179,1 346,1 180,1 0,2
552,2 315,1 542,2 511,1 0,0 0,0 0,0 0,1
552,1 315,1 457,1 379,1 369,1 555,1 367,1 0,1
224,1 348,1 395,1 402,1 161,1 158,1 163,1 0,6
442,1 348,2 459,2 457,2 351,2 338,2 337,3 0,2
224,1 348,1 346,1 414,1 345,1 344,1 411,1 0,1
224,1 339,1 424,1 387,1 337,1 351,1 385,1 0,3
552,1 349,1 351,1 448,1 430,1 429,1 427,1 0,1
262,1 348,1 333,1 400,1 402,1 0,0 0,0 0,1
224,2 348,1 409,2 343,3 345,1 346,2 417,1 0,1
442,1 348,2 488,1 411,3 344,2 409,3 422,1 0,1
442,1 436,1 428,2 425,3 351,2 411,1 457,2 0,1
224,1 162,1 539,1 160,1 158,1 402,1 163,1 0,1
224,1 348,1 353,1 138,1 141,1 357,1 360,1 0,7
442,1 436,1 347,2 203,1 490,3 457,2 351,2 0,1
224,1 348,1 427,1 346,1 402,1 161,1 163,1 0,1
442,1 348,2 414,1 345,2 270,2 351,2 0,0 0,1
224,1 348,1 344,1 424,1 417,1 415,1 409,1 0,1
224,2 348,2 354,3 346,2 457,2 359,2 357,3 0,1
552,1 544,1 543,1 546,1 525,1 527,1 0,0 0,1
224,1 348,1 411,1 344,1 417,1 351,1 414,1 0,2
224,2 348,1 458,1 341,2 359,1 525,2 358,1 0,1
224,2 348,2 409,1 414,1 345,1 346,2 417,1 0,1
442,1 339,1 337,3 457,1 424,1 338,2 351,2 0,1
240,2 340,3 342,1 346,2 351,2 357,3 457,3 0,2
552,2 428,2 426,3 351,2 430,1 448,1 350,2 0,1
224,1 184,1 542,1 183,1 346,1 371,1 195,1 0,2
224,1 174,1 338,1 387,1 348,1 0,0 0,0 0,1
224,1 348,1 539,1 402,1 424,1 398,1 396,1 0,1
554,1 368,3 371,2 448,1 372,1 0,0 0,0 0,1
224,1 344,1 346,1 348,1 414,1 415,1 417,1 0,3
224,2 348,2 344,2 346,2 414,1 415,1 417,1 0,1
554,1 373,1 546,1 183,1 448,1 513,1 372,1 0,1
291,1 542,1 533,3 546,1 422,1 417,2 428,2 0,1
552,1 162,1 299,1 539,1 160,1 0,0 0,0 0,1
224,1 348,1 344,1 414,1 345,1 411,1 346,1 0,2
224,2 343,3 533,1 411,1 424,1 344,1 148,3 0,1
224,1 348,1 339,1 387,1 519,1 381,1 0,0 0,1
224,1 348,1 288,1 345,1 346,1 344,1 0,0 0,2
224,1 184,1 180,1 369,1 179,1 371,1 185,1 0,1
224,2 348,1 411,3 490,1 344,2 424,3 351,2 0,1
240,2 451,1 334,3 335,1 346,2 350,2 351,2 0,1
262,1 409,1 348,1 411,1 351,1 344,1 345,1 0,1
224,1 348,1 537,1 424,1 161,1 158,1 163,1 0,4
552,2 380,1 370,3 315,1 457,2 193,2 369,3 0,1
224,1 361,1 424,1 138,1 357,1 359,1 360,1 0,5
552,1 426,1 448,1 541,1 242,1 429,1 542,1 0,1
552,1 349,1 424,1 448,1 242,1 351,1 0,0 0,1
552,1 428,1 448,1 426,1 430,1 542,1 350,1 0,1
224,1 348,1 343,1 344,1 345,1 346,1 427,1 0,1
442,1 348,2 0,0 0,0 0,0 0,0 0,0 0,2
224,1 140,1 357,1 351,1 138,1 192,1 424,1 0,1
554,1 413,1 351,1 457,2 424,1 344,1 411,1 0,1
224,1 184,1 426,1 424,1 371,1 273,1 192,1 0,1
224,1 348,1 542,1 341,1 359,1 360,1 353,1 0,3
224,1 348,1 359,1 354,1 360,1 139,1 0,0 0,2
224,1 184,1 180,1 179,1 371,1 369,1 185,1 0,2
291,1 542,1 339,1 237,2 351,2 337,3 382,3 0,1
442,1 542,2 523,1 450,1 346,2 366,1 0,0 0,1
224,1 361,1 354,1 424,1 359,1 195,1 357,1 0,1
224,1 346,1 184,1 371,1 179,1 424,1 183,1 0,1
291,1 542,2 521,3 426,3 518,1 392,1 346,2 0,1
442,1 492,1 450,1 0,0 0,0 0,0 0,0 0,1
224,1 348,1 415,1 344,1 411,1 414,1 416,1 0,1
442,1 432,1 367,3 425,3 371,3 424,3 0,0 0,1
224,1 348,1 422,1 345,1 418,1 344,1 457,1 0,1
442,1 348,2 459,1 385,2 387,1 351,1 337,3 0,1
224,1 351,1 457,1 395,1 403,1 425,1 401,1 0,1
224,1 514,1 184,1 424,1 371,1 542,1 369,1 0,1
552,1 532,1 531,1 423,1 351,1 0,0 0,0 0,1
224,1 348,1 546,1 414,1 345,1 346,1 417,1 0,1
291,1 492,1 408,1 490,3 424,3 237,1 0,0 0,1
240,1 348,1 415,1 414,1 345,1 344,1 346,1 0,1
442,1 348,1 347,2 357,3 359,2 423,3 0,0 0,1
442,1 348,2 450,1 344,2 351,2 422,1 0,0 0,1
442,1 348,2 357,2 360,1 361,2 0,0 0,0 0,1
224,1 348,1 346,1 457,1 344,1 531,1 409,1 0,1
224,1 348,1 341,1 139,1 525,1 358,1 141,1 0,1
224,2 348,1 396,2 402,1 161,1 158,1 346,2 0,2
552,2 381,1 0,0 0,0 0,0 0,0 0,0 0,1
552,1 533,1 543,1 531,1 0,0 0,0 0,0 0,3
224,1 348,1 397,1 333,1 346,1 427,1 0,0 0,1
552,2 514,3 0,0 0,0 0,0 0,0 0,0 0,1
442,1 388,2 384,3 385,2 382,3 0,0 0,0 0,1
552,2 533,3 543,2 542,1 0,0 0,0 0,0 0,1
552,2 544,2 543,3 538,3 0,0 0,0 0,0 0,1
552,1 287,1 459,1 519,1 306,1 382,1 0,0 0,1
224,1 361,1 354,1 195,1 424,1 357,1 542,1 0,1
200,1 348,2 347,2 351,2 354,3 357,3 359,2 0,1
224,2 339,1 387,1 424,3 385,3 337,3 346,2 0,1
224,1 348,1 542,1 414,1 415,1 417,1 150,1 0,1
552,2 544,1 543,2 538,2 0,0 0,0 0,0 0,1
552,1 514,1 372,1 312,1 371,1 0,0 0,0 0,1
224,1 184,1 373,1 179,1 371,1 183,1 367,1 0,1
224,1 184,1 179,1 371,1 183,1 424,1 185,1 0,1
224,1 348,1 344,1 345,1 346,1 351,1 414,1 0,1
552,2 515,2 514,2 513,1 543,2 0,0 0,0 0,1
224,1 348,1 371,1 183,1 424,1 457,1 351,1 0,1
224,1 361,1 354,1 357,1 138,1 141,1 341,1 0,1
224,1 361,1 357,1 341,1 359,1 358,1 346,1 0,1
552,1 372,1 371,1 0,0 0,0 0,0 0,0 0,3
552,2 533,3 542,1 544,1 530,1 0,0 0,0 0,1
552,2 514,3 543,2 513,1 544,2 0,0 0,0 0,1
442,1 348,1 459,2 337,3 385,3 387,1 351,1 0,1
442,1 348,2 459,1 457,2 351,1 338,1 337,2 0,1
442,1 348,1 457,2 351,2 344,1 345,1 0,0 0,1
224,1 348,1 351,1 452,1 337,1 346,1 338,1 0,1
442,1 342,1 525,1 357,1 359,1 341,2 364,1 0,1
554,1 367,1 370,1 373,1 371,1 372,1 0,0 0,4
442,1 348,2 344,1 411,1 351,2 234,1 346,1 0,1
442,1 348,1 344,2 411,1 351,1 485,1 346,1 0,1
224,1 162,1 158,1 161,1 346,1 333,1 0,0 0,1
554,1 354,3 361,1 431,1 359,1 457,2 427,2 0,1
442,1 334,3 335,2 457,2 192,1 196,1 0,0 0,1
442,1 348,2 450,1 457,2 490,3 0,0 0,0 0,1
442,1 348,2 179,1 369,1 457,2 351,2 428,2 0,1
442,1 348,2 450,1 346,2 351,2 462,1 0,0 0,3
224,2 348,2 542,1 402,2 539,3 537,2 346,2 0,1
224,2 348,2 514,3 371,3 335,2 346,2 427,1 0,1
554,1 348,2 422,1 424,1 420,1 448,1 152,1 0,1
442,1 348,2 433,1 457,2 0,0 0,0 0,0 0,2
554,1 348,2 347,2 380,1 371,3 377,1 0,0 0,1
442,1 348,1 344,1 411,1 351,1 485,1 346,1 0,1
552,2 533,3 320,1 531,2 546,2 0,0 0,0 0,1
442,1 544,1 346,1 448,1 348,2 543,1 0,0 0,1
240,2 348,2 347,2 420,1 345,1 344,3 346,3 0,1
554,1 361,2 353,3 354,3 357,3 362,1 555,1 0,1
442,1 444,1 421,1 420,2 344,2 346,1 0,0 0,1
552,2 375,1 315,1 514,3 336,1 0,0 0,0 0,1
442,1 348,2 459,2 385,3 387,1 351,2 337,3 0,2
442,1 348,2 384,3 385,3 351,2 346,2 394,1 0,1
442,1 443,1 459,1 351,1 337,3 385,2 338,2 0,1
442,1 339,1 389,2 387,2 338,2 385,3 0,0 0,1
442,1 339,1 381,1 387,1 338,2 351,1 385,1 0,1
552,1 542,1 514,1 544,1 543,1 0,0 0,0 0,2
224,1 333,1 346,1 348,1 426,1 402,1 395,1 0,1
552,1 515,1 514,1 544,1 543,1 0,0 0,0 0,3
224,1 333,1 346,1 348,1 402,1 426,1 395,1 0,1
442,1 184,1 347,2 242,1 490,1 183,1 0,0 0,1
224,1 514,1 184,1 371,1 424,1 457,1 346,1 0,1
240,1 348,1 414,1 415,1 416,1 419,1 0,0 0,1
442,1 184,2 371,3 179,3 424,3 185,2 183,2 0,1
442,1 348,2 546,1 339,1 457,2 490,3 346,2 0,1
552,2 533,2 531,2 543,3 546,1 0,0 0,0 0,1
224,1 348,1 542,1 415,1 417,1 346,1 411,1 0,2
442,1 348,1 450,1 344,1 351,1 422,1 0,0 0,1
442,1 348,2 347,2 457,2 490,3 338,1 346,2 0,1
224,2 348,2 346,2 344,2 414,1 345,2 411,1 0,1
224,1 346,1 457,1 184,1 180,1 179,1 371,1 0,3
552,2 542,1 543,3 544,3 519,1 0,0 0,0 0,1
224,1 348,1 415,1 414,1 417,1 346,1 344,1 0,1
224,1 348,1 343,1 424,1 417,1 344,1 411,1 0,1
442,1 376,1 450,1 436,1 380,1 0,0 0,0 0,1
442,1 348,1 436,1 415,1 448,1 417,1 0,0 0,1
224,1 361,1 341,1 346,1 359,1 360,1 457,1 0,1
552,1 315,1 371,1 379,1 555,1 378,1 0,0 0,1
552,1 361,1 555,1 359,1 525,1 324,1 341,1 0,1
552,2 544,2 543,3 525,1 527,3 0,0 0,0 0,1
503,1 492,1 385,2 273,2 424,2 0,0 0,0 0,1
552,1 428,1 385,1 306,1 168,1 518,1 0,0 0,1
442,1 348,2 436,1 371,3 490,3 555,1 346,2 0,1
442,1 348,1 347,2 345,1 344,1 346,1 0,0 0,1
224,1 339,1 338,1 424,1 337,1 351,1 387,1 0,1
262,1 542,1 348,1 242,1 357,1 426,1 0,0 0,1
224,1 348,1 343,1 414,1 344,1 417,1 415,1 0,1
442,1 348,2 347,2 345,2 344,2 414,1 0,0 0,1
554,1 348,2 381,3 424,3 519,1 387,2 351,2 0,1
262,1 348,1 386,1 392,1 346,1 382,1 280,1 0,1
552,1 349,1 337,1 452,1 0,0 0,0 0,0 0,2
291,1 348,2 339,1 387,2 555,3 172,1 394,1 0,1
224,1 361,1 140,1 360,1 359,1 141,1 0,0 0,1
224,1 152,1 190,1 416,1 148,1 0,0 0,0 0,1
442,1 443,1 339,1 385,1 351,2 386,1 394,1 0,1
200,1 348,1 366,1 341,1 357,1 525,1 361,1 0,1
224,1 184,1 514,1 371,1 183,1 195,1 346,1 0,1
442,1 348,1 459,1 338,2 176,1 382,1 0,0 0,1
554,1 348,2 424,2 341,1 359,1 351,2 358,1 0,1
552,2 542,2 315,1 371,3 351,2 346,2 0,0 0,1
224,1 348,1 409,1 346,1 415,1 417,1 195,1 0,1
224,1 514,1 184,1 371,1 424,1 369,1 185,1 0,1
224,1 346,1 348,1 395,1 402,1 161,1 163,1 0,1
224,1 348,1 339,1 382,1 387,1 346,1 426,1 0,1
442,1 348,2 347,1 354,1 457,2 490,2 358,1 0,1
442,1 348,2 417,2 411,3 351,2 344,2 346,2 0,1
552,2 533,3 345,1 531,1 0,0 0,0 0,0 0,1
224,1 346,1 348,1 160,1 402,1 161,1 163,1 0,1
442,1 348,2 347,2 345,2 344,2 346,2 0,0 0,1
224,1 348,1 149,1 346,1 415,1 417,1 344,1 0,1
552,2 514,1 315,1 426,1 513,1 371,1 0,0 0,1
442,1 348,1 450,1 344,2 351,1 422,1 0,0 0,1
