442,1 348,2 394,1 0,0 0,0 0,0 0,0 1,1
552,1 367,1 316,1 426,1 0,0 0,0 0,0 1,1
503,2 348,2 0,0 0,0 0,0 0,0 0,0 2,2
224,2 348,2 0,0 0,0 0,0 0,0 0,0 1,1
224,1 343,1 351,1 411,1 422,1 0,0 0,0 1,1
224,1 426,1 353,1 141,1 359,1 0,0 0,0 1,1
552,1 514,1 311,1 0,0 0,0 0,0 0,0 1,1
224,1 353,1 546,1 366,1 359,1 358,1 0,0 1,1
224,1 353,1 0,0 0,0 0,0 0,0 0,0 1,1
224,1 366,1 353,1 426,1 546,1 359,1 346,1 1,1
224,1 436,1 359,1 366,1 0,0 0,0 0,0 1,1
442,1 460,1 409,1 422,1 0,0 0,0 0,0 1,1
262,2 361,1 366,1 346,2 0,0 0,0 0,0 1,1
442,1 348,2 380,1 0,0 0,0 0,0 0,0 1,1
442,1 366,1 348,2 0,0 0,0 0,0 0,0 1,1
224,1 353,1 366,1 546,1 359,1 358,1 0,0 20,21
224,1 136,1 353,1 542,1 359,1 0,0 0,0 17,23
224,1 353,1 426,1 546,1 359,1 346,1 0,0 41,56
224,1 426,1 136,1 353,1 359,1 138,1 0,0 2,3
224,1 361,1 346,1 0,0 0,0 0,0 0,0 18,29
552,1 514,1 542,1 0,0 0,0 0,0 0,0 7,12
442,1 348,2 0,0 0,0 0,0 0,0 0,0 8,14
224,1 395,1 424,1 426,1 158,1 0,0 0,0 5,9
224,1 353,1 426,1 136,1 359,1 346,1 0,0 38,70
552,1 514,1 546,1 0,0 0,0 0,0 0,0 1,2
224,1 353,1 426,1 141,1 359,1 0,0 0,0 7,14
224,1 409,1 344,1 411,1 0,0 0,0 0,0 1,2
552,1 367,1 0,0 0,0 0,0 0,0 0,0 1,2
552,2 544,2 0,0 0,0 0,0 0,0 0,0 1,2
224,1 353,1 136,1 426,1 359,1 346,1 0,0 10,20
224,1 348,1 422,1 0,0 0,0 0,0 0,0 7,15
224,1 361,1 138,1 0,0 0,0 0,0 0,0 8,19
224,1 426,1 353,1 542,1 359,1 0,0 0,0 8,20
224,1 348,1 0,0 0,0 0,0 0,0 0,0 14,36
224,1 542,1 359,1 346,1 0,0 0,0 0,0 8,21
224,1 353,1 341,1 359,1 0,0 0,0 0,0 1,3
224,1 343,1 424,1 411,1 0,0 0,0 0,0 1,3
224,1 353,1 136,1 426,1 138,1 359,1 0,0 1,3
224,1 361,1 0,0 0,0 0,0 0,0 0,0 1,4
552,1 514,1 0,0 0,0 0,0 0,0 0,0 1,5
552,1 544,1 0,0 0,0 0,0 0,0 0,0 4,21
224,1 343,1 409,1 414,1 411,1 0,0 0,0 1,6
262,2 348,2 0,0 0,0 0,0 0,0 0,0 0,2
224,1 353,1 359,1 341,1 0,0 0,0 0,0 0,1
240,2 348,2 367,1 0,0 0,0 0,0 0,0 0,1
224,1 353,1 341,1 542,1 0,0 0,0 0,0 0,1
224,1 361,1 346,1 366,1 0,0 0,0 0,0 0,1
552,1 541,1 0,0 0,0 0,0 0,0 0,0 0,1
442,1 347,2 394,1 457,2 0,0 0,0 0,0 0,1
262,2 361,2 366,1 346,2 0,0 0,0 0,0 0,1
224,1 136,1 353,1 426,1 138,1 359,1 0,0 0,2
200,1 381,3 394,1 337,3 387,2 346,2 0,0 0,1
224,1 409,1 0,0 0,0 0,0 0,0 0,0 0,1
240,1 381,1 339,1 0,0 0,0 0,0 0,0 0,1
552,2 514,3 542,1 0,0 0,0 0,0 0,0 0,1
552,2 544,1 0,0 0,0 0,0 0,0 0,0 0,1
552,2 544,3 0,0 0,0 0,0 0,0 0,0 0,1
224,1 353,1 136,1 546,1 359,1 346,1 0,0 0,1
224,2 361,2 346,2 0,0 0,0 0,0 0,0 0,1
224,1 343,1 344,1 414,1 0,0 0,0 0,0 0,1
552,1 361,1 0,0 0,0 0,0 0,0 0,0 0,1
224,1 136,1 366,1 353,1 426,1 359,1 427,1 0,1
552,1 353,1 0,0 0,0 0,0 0,0 0,0 0,1
224,1 426,1 0,0 0,0 0,0 0,0 0,0 0,3
224,1 343,1 151,1 0,0 0,0 0,0 0,0 0,1
224,1 343,1 0,0 0,0 0,0 0,0 0,0 0,1
224,1 368,1 367,1 426,1 0,0 0,0 0,0 0,1
262,1 174,1 381,1 0,0 0,0 0,0 0,0 0,1
224,1 353,1 136,1 546,1 138,1 359,1 0,0 0,1
