439,2 367,3 380,1 373,2 183,1 0,0 0,0 1,1
439,2 371,3 378,1 0,0 0,0 0,0 0,0 2,2
439,2 380,1 514,1 373,2 0,0 0,0 0,0 1,1
439,2 380,1 180,3 371,3 0,0 0,0 0,0 1,1
278,1 367,3 428,2 0,0 0,0 0,0 0,0 1,1
439,2 380,1 367,1 373,2 183,1 0,0 0,0 1,1
439,1 180,1 380,1 379,1 183,1 0,0 0,0 1,1
439,1 373,1 448,1 0,0 0,0 0,0 0,0 1,1
439,2 380,1 426,3 180,3 183,2 336,1 0,0 1,1
439,2 180,3 380,1 379,1 183,2 0,0 0,0 2,2
259,2 380,1 370,3 371,3 0,0 0,0 0,0 1,1
278,1 367,3 380,1 428,2 0,0 0,0 0,0 1,1
439,2 380,1 426,1 180,3 183,1 336,1 0,0 1,1
439,2 367,3 380,1 379,1 448,1 0,0 0,0 1,1
259,2 380,1 180,3 351,2 379,1 0,0 0,0 1,1
500,2 371,3 378,2 380,1 0,0 0,0 0,0 1,1
439,2 367,3 373,1 183,1 0,0 0,0 0,0 2,2
278,1 466,1 0,0 0,0 0,0 0,0 0,0 1,1
500,1 180,1 377,1 0,0 0,0 0,0 0,0 1,1
439,2 542,2 373,2 0,0 0,0 0,0 0,0 1,1
439,2 180,1 379,1 183,2 0,0 0,0 0,0 1,1
439,2 380,1 426,2 180,1 183,1 336,1 0,0 1,1
189,1 372,1 0,0 0,0 0,0 0,0 0,0 1,1
509,1 380,1 371,3 0,0 0,0 0,0 0,0 4,4
549,1 514,1 311,1 0,0 0,0 0,0 0,0 1,1
439,1 380,1 373,1 448,1 0,0 0,0 0,0 1,1
439,2 370,3 380,1 448,1 183,1 0,0 0,0 1,1
439,2 426,1 380,1 379,1 448,1 0,0 0,0 1,1
439,2 380,1 180,2 371,3 0,0 0,0 0,0 2,2
189,1 334,1 0,0 0,0 0,0 0,0 0,0 1,1
439,2 370,2 367,3 380,1 379,1 0,0 0,0 1,1
439,2 180,1 426,1 183,1 336,1 0,0 0,0 1,1
439,2 180,1 426,2 183,1 336,1 0,0 0,0 1,1
439,2 380,1 373,2 426,3 183,1 0,0 0,0 1,1
259,1 370,1 371,1 0,0 0,0 0,0 0,0 1,1
189,1 375,1 426,1 0,0 0,0 0,0 0,0 1,1
439,2 380,1 180,1 371,3 0,0 0,0 0,0 38,44
439,2 180,3 379,1 183,1 0,0 0,0 0,0 9,11
509,1 371,3 0,0 0,0 0,0 0,0 0,0 8,10
439,2 380,1 367,3 379,1 336,1 0,0 0,0 4,5
439,2 180,1 371,3 0,0 0,0 0,0 0,0 4,5
439,1 180,1 371,1 0,0 0,0 0,0 0,0 7,10
189,1 184,1 0,0 0,0 0,0 0,0 0,0 7,10
439,2 380,1 367,3 373,1 183,1 0,0 0,0 21,30
439,1 380,1 426,1 180,1 183,1 336,1 0,0 9,13
439,2 180,3 379,1 183,2 0,0 0,0 0,0 11,16
439,2 367,1 373,2 183,1 0,0 0,0 0,0 2,3
439,2 380,1 373,2 448,1 0,0 0,0 0,0 2,3
439,2 180,1 379,1 183,1 0,0 0,0 0,0 25,40
439,2 367,3 373,2 183,1 0,0 0,0 0,0 4,7
439,2 373,2 448,1 0,0 0,0 0,0 0,0 5,9
189,1 367,1 180,1 371,1 0,0 0,0 0,0 50,93
189,1 426,1 180,1 371,1 0,0 0,0 0,0 14,27
439,2 380,1 371,3 183,1 0,0 0,0 0,0 1,2
439,1 180,1 426,1 183,1 336,1 0,0 0,0 1,2
189,1 380,1 367,1 180,1 371,1 0,0 0,0 1,2
439,1 373,1 336,1 0,0 0,0 0,0 0,0 1,2
439,1 180,1 194,1 183,1 0,0 0,0 0,0 1,2
439,2 380,1 367,1 373,1 183,1 0,0 0,0 1,2
278,1 373,2 0,0 0,0 0,0 0,0 0,0 1,2
439,2 380,1 180,1 379,1 183,1 0,0 0,0 1,2
439,1 380,1 367,1 373,1 183,1 0,0 0,0 16,32
439,2 514,3 373,1 0,0 0,0 0,0 0,0 1,2
189,1 184,1 367,1 0,0 0,0 0,0 0,0 9,18
439,2 380,1 367,3 373,2 183,1 0,0 0,0 1,2
439,2 370,3 367,3 380,1 379,1 0,0 0,0 1,2
439,1 180,1 379,1 183,1 0,0 0,0 0,0 39,79
439,1 367,1 373,1 183,1 0,0 0,0 0,0 50,114
439,2 373,2 336,1 0,0 0,0 0,0 0,0 2,5
439,1 426,1 373,1 183,1 0,0 0,0 0,0 5,19
439,2 367,1 373,1 183,1 0,0 0,0 0,0 1,4
439,2 380,1 426,1 180,1 183,1 336,1 0,0 1,4
439,2 180,1 426,3 183,1 336,1 0,0 0,0 1,5
549,1 514,1 0,0 0,0 0,0 0,0 0,0 1,6
439,1 514,1 373,1 0,0 0,0 0,0 0,0 1,6
439,1 426,1 180,1 183,1 336,1 0,0 0,0 1,6
439,1 370,1 514,1 183,1 0,0 0,0 0,0 0,2
439,1 370,1 373,1 0,0 0,0 0,0 0,0 0,3
439,1 180,1 367,1 373,1 0,0 0,0 0,0 0,1
439,1 180,1 183,1 378,1 427,1 0,0 0,0 0,1
189,1 367,1 426,1 180,1 0,0 0,0 0,0 0,1
439,2 514,2 373,1 0,0 0,0 0,0 0,0 0,1
439,1 368,1 367,1 426,1 0,0 0,0 0,0 0,1
439,1 515,1 183,1 0,0 0,0 0,0 0,0 0,1
439,2 426,3 180,1 183,1 336,1 0,0 0,0 0,1
189,1 367,1 180,1 426,1 183,1 0,0 0,0 0,3
549,1 514,1 451,1 0,0 0,0 0,0 0,0 0,1
439,1 515,1 367,1 426,1 0,0 0,0 0,0 0,1
189,1 367,1 180,1 426,1 427,1 0,0 0,0 0,5
549,1 451,1 351,1 0,0 0,0 0,0 0,0 0,1
439,1 370,1 427,1 514,1 0,0 0,0 0,0 0,1
439,1 370,1 367,1 379,1 0,0 0,0 0,0 0,1
189,1 180,1 367,1 196,1 427,1 0,0 0,0 0,1
439,1 370,1 367,1 369,1 0,0 0,0 0,0 0,6
509,1 426,1 370,3 380,1 378,1 0,0 0,0 0,1
439,1 375,1 0,0 0,0 0,0 0,0 0,0 0,11
189,1 451,1 515,1 0,0 0,0 0,0 0,0 0,1
439,1 367,1 515,1 426,1 0,0 0,0 0,0 0,1
439,1 367,1 368,1 426,1 0,0 0,0 0,0 0,1
439,2 371,3 378,2 0,0 0,0 0,0 0,0 0,1
439,1 373,1 369,1 0,0 0,0 0,0 0,0 0,1
439,1 380,1 373,1 336,1 0,0 0,0 0,0 0,1
439,2 514,1 373,1 0,0 0,0 0,0 0,0 0,1
439,2 367,3 370,3 369,3 0,0 0,0 0,0 0,1
439,1 368,1 180,1 0,0 0,0 0,0 0,0 0,1
189,1 543,1 0,0 0,0 0,0 0,0 0,0 0,1
189,1 367,1 426,1 185,1 0,0 0,0 0,0 0,1
189,1 180,1 373,1 183,1 0,0 0,0 0,0 0,3
439,2 370,3 367,3 369,2 0,0 0,0 0,0 0,1
439,1 544,1 367,1 426,1 0,0 0,0 0,0 0,1
439,2 380,1 373,1 336,1 0,0 0,0 0,0 0,1
509,1 180,1 513,1 0,0 0,0 0,0 0,0 0,1
439,1 190,1 0,0 0,0 0,0 0,0 0,0 0,4
439,1 184,1 0,0 0,0 0,0 0,0 0,0 0,7
439,2 367,3 370,3 369,3 426,3 0,0 0,0 0,2
278,1 373,1 0,0 0,0 0,0 0,0 0,0 0,1
189,1 368,1 369,1 0,0 0,0 0,0 0,0 0,1
189,1 375,1 367,1 0,0 0,0 0,0 0,0 0,1
259,1 180,1 426,1 371,1 0,0 0,0 0,0 0,1
439,1 367,1 370,1 369,1 0,0 0,0 0,0 0,2
549,1 514,1 542,1 0,0 0,0 0,0 0,0 0,3
549,2 349,3 0,0 0,0 0,0 0,0 0,0 0,1
549,1 544,1 0,0 0,0 0,0 0,0 0,0 0,1
189,1 367,1 180,1 426,1 183,1 380,1 0,0 0,1
439,1 367,1 514,1 379,1 0,0 0,0 0,0 0,1
439,2 426,2 180,1 183,1 336,1 0,0 0,0 0,1
259,1 380,1 180,1 351,1 379,1 0,0 0,0 0,1
259,2 367,3 375,2 0,0 0,0 0,0 0,0 0,1
189,2 375,2 426,3 0,0 0,0 0,0 0,0 0,1
439,2 426,1 373,2 183,1 0,0 0,0 0,0 0,1
189,1 426,1 0,0 0,0 0,0 0,0 0,0 0,3
259,2 184,1 426,2 0,0 0,0 0,0 0,0 0,1
189,1 334,1 183,1 0,0 0,0 0,0 0,0 0,1
439,2 380,1 373,2 336,1 0,0 0,0 0,0 0,2
189,1 514,1 373,1 367,1 0,0 0,0 0,0 0,1
439,2 180,3 371,3 0,0 0,0 0,0 0,0 0,1
509,1 367,3 373,2 0,0 0,0 0,0 0,0 0,1
278,1 380,1 373,2 0,0 0,0 0,0 0,0 0,1
549,2 514,2 0,0 0,0 0,0 0,0 0,0 0,1
549,2 514,3 0,0 0,0 0,0 0,0 0,0 0,1
