438,2 361,2 341,2 351,2 448,1 357,3 542,1 1,1
438,2 342,1 357,3 351,2 359,2 358,2 364,2 1,1
438,2 361,1 139,1 359,2 525,1 429,2 358,2 1,1
438,2 361,2 458,1 351,2 357,3 525,1 427,2 1,1
438,2 349,3 359,2 357,3 351,2 525,1 358,2 1,1
438,2 340,3 357,3 458,1 525,1 358,2 542,1 1,1
438,2 361,2 359,2 357,3 458,1 351,2 542,1 2,2
438,2 361,2 429,1 357,3 525,1 358,2 427,1 1,1
438,2 361,2 359,1 141,1 525,1 358,2 357,3 3,3
438,2 525,2 542,2 361,1 357,3 359,1 358,2 2,2
438,2 361,1 542,2 357,3 359,1 525,2 358,1 1,1
438,2 361,2 353,3 351,2 341,1 359,2 360,2 1,1
438,2 340,3 458,1 357,3 351,2 525,1 358,2 1,1
438,2 340,3 351,2 426,3 357,3 350,2 542,1 1,1
438,2 361,1 359,1 141,1 525,2 358,2 357,3 3,3
438,2 361,2 448,1 357,3 359,2 358,2 525,1 1,1
438,2 140,1 354,3 138,3 141,1 351,2 357,3 1,1
438,2 361,2 359,2 357,3 351,2 525,2 358,2 2,2
438,2 361,2 359,2 351,2 357,3 350,2 0,0 3,3
438,2 361,2 425,1 353,3 141,1 138,1 357,3 1,1
438,2 361,2 357,3 351,2 350,2 542,1 0,0 1,1
438,2 361,2 429,1 357,3 358,2 525,1 427,2 1,1
438,2 361,2 351,2 357,3 359,2 525,2 542,1 1,1
438,2 361,2 357,3 424,1 351,2 525,1 358,2 2,2
438,2 361,2 359,2 429,1 357,3 351,2 358,2 1,1
438,2 361,2 424,3 351,2 357,3 525,1 358,2 3,3
553,1 432,1 357,3 427,2 364,2 358,2 353,3 3,3
438,2 361,1 354,3 138,1 357,3 525,1 351,1 1,1
438,2 525,2 542,1 361,1 357,2 359,1 358,1 1,1
438,2 361,2 359,2 448,1 429,1 357,3 358,2 1,1
438,2 361,2 357,3 424,3 351,2 525,1 358,2 2,2
438,2 361,2 425,3 354,3 138,3 357,3 0,0 1,1
438,2 361,2 357,3 351,2 359,2 448,1 525,1 1,1
438,2 361,2 359,2 357,3 351,2 525,1 542,1 5,5
438,2 361,2 424,3 357,3 351,2 525,1 358,2 2,2
438,2 361,2 341,2 359,1 351,2 358,1 357,3 2,2
438,2 342,1 357,3 426,3 351,2 458,2 358,2 3,3
438,2 361,2 357,3 351,2 525,1 542,1 358,2 2,2
438,2 361,2 357,3 351,2 525,1 358,2 542,1 5,5
438,2 361,2 357,3 448,1 351,2 525,2 358,2 1,1
438,2 340,3 357,3 359,2 458,1 525,1 358,2 1,1
438,2 361,2 353,3 525,1 359,2 360,1 351,2 1,1
438,2 361,2 359,2 351,2 357,3 525,2 542,1 3,3
438,2 361,1 341,2 359,2 525,2 358,2 429,1 1,1
438,2 361,2 357,3 359,2 358,2 525,1 542,1 4,4
438,2 361,2 351,2 357,3 448,1 525,1 542,1 1,1
438,2 361,2 429,1 351,2 357,3 525,1 427,1 1,1
438,2 361,2 357,3 542,1 358,2 350,2 0,0 1,1
438,2 542,1 342,1 359,2 357,1 525,2 426,2 1,1
438,2 361,2 357,3 424,3 351,2 525,2 358,2 4,4
438,2 542,2 342,1 359,2 357,3 525,1 426,1 1,1
553,1 542,1 340,3 138,1 351,2 357,1 354,1 1,1
438,2 542,1 342,1 359,2 357,3 525,1 426,3 1,1
438,2 525,1 542,1 361,1 357,1 359,2 358,1 1,1
438,2 542,2 342,1 359,2 357,3 525,1 426,2 1,1
438,2 361,2 359,2 357,3 525,2 358,2 542,1 1,1
438,2 542,2 342,1 359,1 357,3 525,1 426,1 1,1
438,2 542,1 342,1 359,1 357,3 525,1 426,1 1,1
438,2 361,2 341,2 357,3 351,2 427,1 525,1 1,1
438,2 340,3 359,2 426,3 357,3 358,2 350,2 1,1
438,2 361,2 357,3 359,2 341,2 351,2 542,1 1,1
438,2 525,2 542,1 361,1 357,3 359,1 358,2 1,1
438,2 361,2 359,2 357,3 351,2 525,2 542,1 1,1
438,2 361,2 359,2 448,1 357,3 358,2 525,1 1,1
438,1 361,1 357,1 138,1 341,1 358,1 139,1 1,1
438,2 361,2 542,1 357,3 525,1 358,2 351,2 1,1
438,2 340,3 448,1 357,3 341,2 525,1 358,2 1,1
438,2 361,1 353,3 351,2 341,1 359,2 360,2 1,1
438,2 361,2 359,2 357,3 341,2 351,2 448,1 1,1
438,2 361,2 359,2 525,1 351,2 357,3 358,2 2,2
438,2 542,1 342,1 359,1 357,2 525,1 426,3 1,1
438,2 361,2 341,2 357,3 351,2 525,1 427,2 1,1
438,2 361,2 357,3 351,2 341,2 525,2 427,1 1,1
438,2 361,2 357,3 448,1 358,2 525,2 542,2 1,1
553,1 340,3 354,1 357,2 358,2 351,2 353,3 1,1
438,2 354,3 357,3 351,1 141,1 542,1 362,1 1,1
553,1 354,3 424,1 525,2 357,3 351,2 542,2 12,12
438,2 340,3 359,2 351,2 429,1 357,3 525,2 1,1
438,2 361,2 341,2 357,3 351,2 358,2 542,2 1,1
438,2 340,3 357,3 341,2 351,2 525,1 358,2 2,2
438,2 361,1 527,3 341,2 351,1 525,1 357,2 1,1
438,1 361,1 366,1 477,1 362,1 357,1 0,0 1,1
438,1 361,1 355,1 341,1 542,1 458,1 282,1 1,1
438,2 361,1 354,3 366,1 359,1 357,3 362,1 1,1
438,2 361,1 354,2 357,2 351,1 458,1 366,1 2,2
438,2 361,1 354,1 357,3 362,1 351,2 0,0 1,1
438,2 361,2 357,3 364,2 458,2 525,1 351,2 1,1
438,2 361,2 354,3 357,3 138,1 445,1 366,1 3,3
438,2 340,3 359,2 357,3 341,2 525,1 358,2 1,1
438,2 340,3 359,2 351,2 430,1 525,2 358,2 1,1
438,2 340,3 458,1 351,2 357,3 525,1 542,1 3,3
438,1 342,1 476,1 359,1 360,1 366,1 0,0 1,1
548,1 361,1 141,1 525,1 324,1 458,1 0,0 1,1
553,1 542,1 246,3 351,2 525,1 357,3 0,0 1,1
553,1 361,1 341,2 359,2 357,2 351,2 353,1 2,2
553,1 361,1 341,1 359,2 357,2 351,2 353,1 2,2
553,1 361,1 341,2 359,2 357,2 351,2 353,3 1,1
438,2 361,2 353,2 359,2 525,1 360,2 358,2 2,2
438,2 361,1 354,1 458,1 138,1 357,3 351,1 2,2
438,2 340,3 448,1 357,3 458,1 525,1 358,2 1,1
438,2 361,2 357,3 351,2 448,1 525,2 542,1 1,1
438,2 340,3 458,1 357,3 351,2 525,1 542,1 2,2
438,2 361,1 341,1 359,1 351,2 358,1 357,3 1,1
438,2 361,2 448,1 357,3 525,2 358,2 542,1 1,1
438,2 340,3 357,3 359,2 429,1 525,2 358,2 1,1
438,2 361,2 357,3 359,2 542,2 525,1 358,2 1,1
438,2 361,2 357,3 351,2 359,2 542,1 525,1 1,1
438,2 361,1 341,2 359,1 525,2 358,2 429,2 1,1
438,2 361,2 354,3 525,2 351,2 138,1 357,3 1,1
438,2 361,2 357,3 359,2 351,2 358,2 525,1 3,3
553,1 140,1 527,1 141,1 357,3 138,1 351,2 1,1
553,1 340,3 354,2 357,2 358,2 351,2 353,3 1,1
438,2 361,2 424,1 351,2 357,3 525,1 358,2 3,3
548,1 544,1 542,1 453,1 543,1 0,0 0,0 1,1
438,2 361,2 341,1 525,1 138,1 351,1 357,3 1,1
438,2 361,2 354,3 357,3 351,1 362,1 366,1 6,6
438,2 340,3 355,1 354,3 359,2 458,1 341,2 2,2
145,1 543,1 526,1 527,1 351,1 453,1 0,0 1,1
438,2 361,1 354,3 357,2 138,1 353,3 362,2 1,1
438,1 342,1 424,1 448,1 525,1 357,1 366,1 1,1
438,2 361,2 354,3 357,3 358,2 276,1 351,2 1,1
438,2 342,1 366,1 138,1 357,3 351,2 361,1 4,4
438,1 361,1 354,1 138,1 357,1 426,1 362,1 1,1
438,2 361,2 351,2 448,1 525,2 358,2 357,3 1,1
438,2 361,1 357,3 351,1 359,2 525,1 358,2 2,2
438,2 361,2 357,3 448,1 351,2 525,1 358,2 2,2
438,1 542,1 342,1 341,1 525,1 358,1 138,1 1,1
438,2 342,1 542,2 357,3 359,2 525,2 426,3 1,1
438,2 361,2 542,1 357,3 359,2 525,1 358,2 6,6
438,2 361,2 354,3 357,3 542,2 362,1 0,0 1,1
438,1 361,1 353,1 496,1 357,1 525,1 351,1 1,1
438,2 361,2 354,3 366,1 359,2 357,3 362,2 2,2
438,2 361,2 542,2 357,3 359,2 525,2 358,2 14,14
438,2 361,2 354,2 525,1 138,1 351,1 357,3 1,1
438,2 342,1 357,3 341,2 360,2 0,0 0,0 1,1
438,2 361,2 357,3 359,2 351,2 341,2 542,1 1,1
438,2 361,2 357,3 525,2 237,1 445,1 0,0 1,1
438,2 361,2 353,1 525,1 359,2 358,2 360,2 2,2
438,2 542,1 342,1 341,2 357,2 525,1 0,0 1,1
438,2 361,2 359,2 357,3 351,2 358,2 525,1 1,1
438,2 361,2 359,2 357,3 448,1 525,1 358,2 3,3
438,2 361,2 354,3 138,1 357,3 351,1 541,2 2,2
438,2 342,1 542,1 357,3 359,2 525,2 426,3 1,1
438,2 361,2 359,2 351,2 357,3 358,2 525,2 1,1
438,2 361,2 426,3 357,3 362,1 358,2 351,2 1,1
438,2 342,1 542,1 341,2 359,1 525,1 427,1 2,2
553,1 361,2 353,3 525,2 359,2 351,1 357,3 1,1
553,1 542,1 140,1 353,1 359,1 351,2 357,3 1,1
438,2 361,2 357,3 448,1 351,2 525,2 542,2 1,1
438,2 340,3 341,2 357,3 351,2 525,1 542,1 1,1
145,1 542,1 361,1 525,1 354,1 557,1 426,1 1,1
438,2 527,3 354,3 525,1 357,3 351,2 361,1 1,1
548,1 342,1 424,1 324,1 141,1 351,1 0,0 1,1
438,2 361,2 359,2 448,1 357,3 351,2 525,1 2,2
438,2 361,2 359,2 357,3 525,2 542,1 358,2 2,2
553,1 361,1 354,3 138,1 357,3 525,1 426,3 1,1
553,1 340,3 354,3 357,3 358,1 351,2 353,3 4,4
438,2 361,2 357,3 351,2 358,2 350,2 0,0 1,1
438,2 361,2 357,3 351,2 424,3 525,1 358,2 1,1
438,2 340,3 357,3 429,1 525,2 358,2 542,1 1,1
438,2 361,2 476,3 357,3 138,3 351,2 364,2 1,1
438,2 361,2 525,2 357,3 358,2 359,2 351,2 1,1
438,2 361,2 356,3 341,1 359,2 357,3 351,2 2,2
438,2 340,3 430,1 359,2 351,2 525,2 358,2 1,1
438,2 361,1 357,3 138,2 525,1 362,1 0,0 1,1
438,2 361,2 354,3 357,3 362,1 351,1 366,1 5,5
438,2 342,1 357,3 341,2 359,1 351,2 366,1 1,1
438,2 361,2 357,3 359,2 525,2 542,1 358,2 2,2
438,2 361,2 354,3 357,1 542,1 362,1 0,0 1,1
438,2 361,2 357,3 359,2 358,2 525,2 542,1 1,1
438,2 361,2 351,2 458,1 357,3 525,1 427,1 2,2
438,2 361,2 354,3 357,3 360,2 527,3 0,0 1,1
438,2 361,2 354,3 357,3 542,1 362,1 0,0 1,1
438,2 361,2 357,3 359,2 542,1 525,1 358,2 2,2
438,2 361,2 354,3 525,2 138,1 357,3 351,2 1,1
438,2 361,2 357,3 351,2 359,2 525,1 542,2 1,1
438,2 542,1 342,1 359,2 424,1 525,1 358,2 1,1
438,2 361,2 354,3 138,3 357,3 351,1 541,1 1,1
553,1 361,2 527,3 525,1 357,3 427,2 351,2 1,1
438,2 361,2 357,3 359,2 525,2 358,2 542,2 1,1
438,2 342,1 542,1 458,1 341,2 525,1 136,1 1,1
553,1 524,1 353,3 366,1 354,2 357,3 362,1 1,1
438,2 361,2 354,3 357,3 542,1 351,2 358,2 1,1
548,1 354,1 353,1 323,1 543,1 351,1 341,1 1,1
438,2 361,2 357,3 351,2 429,1 525,1 427,1 1,1
438,2 340,3 458,1 351,2 357,3 525,2 542,1 1,1
438,2 342,1 542,2 341,1 359,1 525,1 427,1 1,1
438,2 361,2 366,1 354,3 357,3 351,2 362,2 2,2
438,2 361,2 341,2 351,2 357,3 525,2 427,1 1,1
438,2 361,2 357,3 359,2 525,1 358,2 351,2 4,4
438,2 361,2 359,2 357,3 448,1 351,2 525,1 1,1
438,2 361,2 426,3 357,3 242,1 351,2 366,1 1,1
438,2 361,1 425,3 138,2 353,3 141,1 357,3 3,3
438,2 361,2 366,1 357,3 525,1 542,1 362,1 1,1
438,1 361,1 341,1 359,1 525,1 424,1 141,1 1,1
438,2 342,1 353,3 357,3 458,1 359,2 351,2 3,3
438,2 361,2 354,3 357,3 351,2 362,1 366,1 1,1
438,2 361,2 357,3 448,1 525,1 358,2 542,1 2,2
438,2 428,2 448,1 357,3 351,2 430,1 542,2 1,1
258,1 361,1 354,1 427,1 359,1 341,1 362,1 1,1
438,2 361,2 354,3 138,1 357,3 359,2 341,2 3,3
438,2 361,2 138,3 341,2 359,2 458,1 357,3 1,1
438,2 361,2 542,1 359,2 525,2 358,2 357,3 1,1
438,2 353,1 354,3 357,3 445,1 351,2 458,2 1,1
438,2 361,2 351,2 359,2 357,3 542,1 525,1 1,1
438,2 342,1 525,1 424,1 351,2 357,3 426,1 1,1
438,2 361,2 354,3 525,2 138,3 351,2 357,3 2,2
438,2 361,2 362,1 525,2 357,3 351,2 0,0 1,1
438,1 342,1 353,1 525,1 245,1 357,1 366,1 1,1
438,2 342,1 542,1 359,1 525,1 357,1 353,1 2,2
438,2 361,1 357,3 358,2 359,2 360,2 0,0 2,2
438,2 361,2 357,3 341,2 351,2 525,2 427,1 1,1
438,2 361,2 351,2 357,3 359,2 358,2 525,1 1,1
438,1 361,1 354,1 525,1 138,1 357,1 351,1 1,1
438,2 353,1 361,1 357,1 364,1 354,3 362,1 2,2
438,2 353,3 361,2 357,3 364,2 354,3 362,2 3,3
438,1 527,1 361,1 141,1 357,1 364,1 362,1 1,1
438,2 361,2 351,2 357,3 358,2 525,2 542,1 1,1
438,2 353,3 354,3 357,3 351,1 445,1 458,1 1,1
438,2 361,2 357,3 359,2 429,2 525,1 364,2 1,1
438,2 361,2 357,3 351,2 448,1 525,2 542,2 1,1
438,2 361,2 357,3 458,1 351,2 427,1 525,1 1,1
438,2 361,2 351,2 359,2 430,1 358,2 542,1 1,1
438,2 361,2 357,3 359,2 448,1 351,2 525,1 1,1
438,1 361,1 357,1 351,1 525,1 358,1 542,1 1,1
438,2 361,2 448,1 357,3 351,2 525,1 358,2 2,2
438,2 361,2 359,2 357,3 542,1 362,1 353,3 1,1
438,2 361,1 542,1 359,1 525,2 429,1 358,2 1,1
438,2 361,2 357,3 341,2 351,2 525,1 427,2 1,1
438,2 361,2 542,1 523,1 357,3 366,1 0,0 2,2
438,2 340,3 353,1 354,1 357,1 360,2 364,1 1,1
438,2 361,1 354,3 357,2 138,2 353,3 362,1 1,1
438,2 361,2 357,3 359,2 448,1 525,1 358,2 3,3
438,2 342,1 476,3 351,2 357,3 353,3 426,1 3,3
438,2 361,2 359,2 525,1 358,2 357,3 351,2 1,1
553,1 361,2 353,3 525,1 359,2 351,2 357,3 14,14
438,2 342,1 353,3 354,2 357,3 351,2 358,2 1,1
438,2 361,1 353,3 354,1 357,1 362,1 364,1 1,1
438,2 361,2 458,1 357,3 351,2 359,2 542,1 1,1
438,2 361,2 357,3 364,2 525,1 458,2 351,2 1,1
438,2 361,2 357,3 359,2 525,1 542,1 358,2 1,1
438,2 361,2 354,3 357,3 351,2 366,1 362,2 1,1
438,2 361,2 354,3 359,2 362,2 357,3 366,1 2,2
438,2 361,2 542,1 445,1 351,2 357,2 366,1 1,1
438,2 361,2 458,1 357,3 351,2 525,1 427,1 2,2
438,2 542,1 361,2 359,1 341,2 357,2 358,2 1,1
548,1 544,1 525,1 324,1 543,1 0,0 0,0 1,1
438,2 342,1 357,3 458,2 341,2 358,2 366,1 1,1
438,2 361,2 357,3 525,2 358,2 362,1 0,0 1,1
438,2 361,2 357,3 359,2 525,1 358,2 542,2 2,2
438,2 361,2 527,1 138,2 357,3 358,1 362,1 1,1
438,2 342,1 525,2 424,3 351,2 357,3 426,1 1,1
438,2 361,2 353,3 525,2 359,2 360,1 351,2 1,1
438,2 361,2 448,1 359,2 357,3 351,2 525,1 1,1
438,2 361,1 357,1 341,1 351,1 525,1 427,1 1,1
438,2 361,2 341,2 357,3 359,1 358,2 351,2 1,1
438,2 361,2 341,2 357,3 351,2 359,2 542,1 1,1
438,2 361,1 357,3 135,1 138,1 363,2 351,2 1,1
438,2 361,1 354,3 138,1 351,1 525,1 357,3 1,1
438,1 342,1 426,1 525,1 138,1 351,1 357,1 1,1
438,2 340,3 357,3 458,1 525,2 542,1 358,2 1,1
553,1 340,2 354,3 357,3 358,2 351,2 353,3 1,1
438,2 361,2 359,2 141,1 357,3 360,1 0,0 1,1
438,2 361,1 354,1 525,1 351,2 357,1 138,1 1,1
438,2 361,1 354,3 525,1 138,1 351,2 357,2 1,1
548,2 544,1 543,1 324,1 0,0 0,0 0,0 1,1
438,2 342,1 542,1 357,3 359,2 525,2 426,1 5,5
438,2 361,1 357,3 359,2 525,1 358,2 542,1 2,2
438,2 361,2 357,3 448,1 358,2 525,2 542,1 1,1
438,2 361,1 353,2 525,2 359,2 358,2 360,2 1,1
438,2 361,2 357,3 359,2 351,2 458,1 448,1 1,1
438,2 361,2 351,2 424,1 357,3 525,2 358,2 1,1
438,2 361,1 362,1 341,2 359,2 358,2 364,1 2,2
438,2 340,3 357,3 351,2 341,2 525,1 358,2 1,1
438,2 342,1 353,3 357,3 458,2 359,2 351,2 2,2
438,2 361,2 357,3 362,1 359,1 341,2 366,1 1,1
438,2 361,2 542,2 359,1 358,2 525,2 357,1 2,2
438,2 361,2 354,3 359,1 357,3 362,1 366,1 1,1
438,2 342,1 353,3 354,1 357,3 351,2 358,1 1,1
438,2 361,1 354,1 525,1 138,1 351,1 357,2 1,1
438,2 361,2 359,2 357,3 448,1 358,2 525,1 1,1
438,2 340,3 351,2 357,3 341,2 525,1 358,2 1,1
438,2 361,2 357,3 341,2 525,2 358,2 427,1 1,1
438,2 340,3 429,1 357,3 341,2 351,2 359,2 1,1
438,2 361,2 351,2 448,1 357,3 542,2 525,1 1,1
438,2 342,1 341,2 359,2 525,2 358,2 427,2 1,1
438,2 342,1 341,2 359,2 358,1 357,3 353,3 1,1
438,2 361,2 448,1 351,2 357,3 525,1 542,1 1,1
438,2 361,2 230,1 357,3 351,2 364,1 445,1 1,1
438,1 361,1 430,1 424,1 525,1 358,1 364,1 1,1
438,2 353,3 361,2 357,2 364,1 354,3 362,1 1,1
438,2 361,2 354,3 525,2 138,1 351,1 357,3 1,1
438,2 340,3 426,3 357,3 430,1 351,2 525,1 1,1
438,2 361,2 458,1 351,2 357,3 427,1 525,1 1,1
145,2 361,2 525,2 359,1 357,3 360,1 0,0 1,1
438,2 342,1 353,3 354,3 357,1 351,2 358,2 2,2
438,2 342,1 458,1 525,2 341,1 364,1 527,3 1,1
438,2 361,1 354,3 357,3 362,1 351,1 366,1 3,3
438,2 361,2 341,2 359,2 358,2 351,2 357,3 1,1
438,2 361,2 357,3 458,1 358,2 525,1 427,1 1,1
438,2 361,2 366,1 357,3 525,2 542,2 362,1 1,1
553,1 361,2 357,3 351,2 525,2 358,2 353,3 1,1
438,2 361,2 357,3 458,1 358,2 427,1 525,1 1,1
438,2 361,2 448,1 351,2 357,3 542,1 525,1 1,1
438,2 361,2 448,1 351,2 357,3 525,1 358,2 1,1
438,2 361,2 357,3 429,1 427,1 525,1 358,2 1,1
438,2 361,2 458,2 359,2 362,2 357,3 0,0 1,1
438,2 361,1 542,2 359,1 358,1 525,2 357,1 1,1
438,2 340,3 359,2 458,1 357,3 525,1 358,2 1,1
553,1 361,2 366,1 523,1 357,3 353,3 0,0 1,1
438,2 361,2 448,1 341,2 351,2 357,3 542,1 1,1
438,2 361,1 542,1 359,1 525,1 358,1 357,3 1,1
438,2 342,1 341,2 359,1 351,2 362,2 366,1 1,1
438,2 361,2 354,3 351,2 357,3 362,2 366,1 2,2
438,2 361,2 448,1 357,3 525,1 358,2 542,1 1,1
438,2 361,2 354,2 357,3 351,1 362,1 366,1 1,1
438,2 361,2 354,2 458,2 138,3 357,3 351,2 1,1
438,2 361,2 357,3 359,2 525,1 542,2 358,2 1,1
438,2 361,2 341,2 359,2 525,1 358,2 429,1 1,1
438,2 361,1 357,3 542,1 523,1 0,0 0,0 1,1
553,1 361,1 341,2 359,1 357,2 351,2 353,2 1,1
438,2 340,3 357,3 351,2 341,2 525,2 542,1 1,1
438,2 361,1 353,1 359,1 525,2 360,1 358,2 1,1
438,2 361,2 354,3 359,2 357,3 362,1 366,1 1,1
438,2 340,3 357,3 458,1 358,2 525,2 542,1 1,1
438,2 361,1 354,3 351,1 357,2 362,1 366,1 2,2
438,2 366,1 361,2 448,1 359,2 360,2 357,3 1,1
438,2 361,1 354,1 525,2 357,1 141,1 138,1 1,1
438,2 361,2 357,3 429,1 525,1 427,1 358,2 1,1
553,1 361,2 353,3 525,2 357,3 351,2 358,2 1,1
438,2 361,2 354,3 525,1 138,1 351,2 357,3 1,1
438,2 340,3 458,1 359,2 357,3 351,2 341,2 1,1
438,2 361,2 354,3 357,3 356,3 362,2 0,0 4,4
438,2 340,3 359,2 357,3 341,2 351,2 525,1 1,1
438,2 340,3 357,3 458,1 359,2 351,2 525,2 1,1
438,2 340,3 351,2 458,1 357,3 350,2 0,0 1,1
438,2 353,3 361,2 525,2 138,3 357,3 362,2 1,1
438,2 340,3 357,3 341,2 351,2 525,1 542,2 1,1
438,2 361,2 359,2 351,2 458,1 357,3 542,1 1,1
438,2 361,2 357,3 351,2 424,1 525,1 358,2 1,1
438,2 361,2 357,3 362,1 290,1 351,2 448,1 1,1
438,2 353,1 354,3 357,1 445,1 351,2 458,1 1,1
438,2 361,2 357,1 458,1 359,2 363,2 426,2 1,1
438,2 366,1 361,2 476,3 365,1 282,2 0,0 1,1
438,2 342,1 424,1 138,1 357,3 362,1 0,0 1,1
258,2 285,2 361,2 366,1 357,3 362,1 0,0 1,1
438,2 361,2 458,1 448,1 351,2 357,3 542,1 1,1
438,2 361,2 341,2 357,3 351,2 427,1 525,2 1,1
438,2 361,2 425,3 138,1 353,3 141,1 357,3 1,1
438,2 140,1 354,3 138,1 141,1 351,1 357,3 1,1
438,2 342,1 341,1 359,2 525,1 358,2 427,2 1,1
438,2 342,1 542,2 357,1 359,2 525,1 426,3 1,1
438,2 361,2 357,3 359,2 358,2 525,1 542,2 1,1
438,2 340,3 355,3 356,2 354,1 458,1 341,1 1,1
438,1 361,1 357,1 341,1 359,1 351,1 358,1 1,1
438,2 361,1 354,3 141,1 357,2 362,1 0,0 1,1
438,2 361,2 359,2 357,3 351,2 448,1 525,1 1,1
438,2 361,2 351,2 341,2 357,3 525,2 427,1 1,1
438,2 342,1 359,2 361,1 362,2 426,2 0,0 1,1
438,2 361,2 458,1 359,2 351,2 357,3 542,1 1,1
438,2 361,1 354,1 351,2 357,3 362,1 0,0 2,2
438,2 361,1 476,1 341,2 357,3 351,2 0,0 2,2
438,2 361,2 359,2 458,1 351,2 357,3 358,2 1,1
438,2 361,1 354,3 362,2 357,3 138,3 0,0 1,1
438,1 353,1 140,1 361,1 354,1 359,1 356,1 1,1
438,2 361,1 353,3 359,2 525,2 360,2 358,2 3,3
438,2 361,2 341,2 359,2 525,2 429,2 358,2 1,1
438,1 361,1 230,1 351,1 341,1 354,1 362,1 1,1
438,2 361,2 357,3 341,2 359,2 351,2 358,2 1,1
438,2 361,1 353,3 525,1 357,1 362,1 364,1 1,1
438,2 361,1 354,1 458,2 138,1 357,3 351,2 3,3
438,2 361,2 354,3 351,1 357,2 362,1 366,1 1,1
438,2 353,3 361,2 357,3 364,1 354,3 362,1 2,2
548,1 325,1 525,1 543,1 527,1 0,0 0,0 1,1
438,2 361,2 357,3 354,3 351,2 366,1 362,1 1,1
438,2 428,2 366,1 361,2 351,2 525,2 360,2 1,1
145,1 140,1 361,1 357,1 359,1 196,1 0,0 6,6
438,1 361,1 351,1 448,1 525,1 358,1 357,1 1,1
438,2 361,2 357,3 341,2 359,2 362,1 366,1 1,1
438,2 361,1 354,2 351,1 357,3 362,1 366,1 1,1
438,2 361,2 140,1 138,1 357,3 426,3 351,2 1,1
438,1 361,1 357,1 360,1 358,1 364,1 366,1 1,1
438,2 361,1 354,3 525,1 357,3 141,1 138,1 1,1
438,2 361,2 359,1 141,1 525,2 358,2 357,3 1,1
438,2 361,2 354,3 458,2 138,2 357,3 351,1 2,2
553,1 542,1 246,3 353,3 351,2 525,1 357,3 1,1
258,2 342,1 356,3 525,2 357,3 138,3 351,2 1,1
438,2 361,2 542,1 357,2 359,1 525,2 358,2 1,1
438,2 361,1 476,3 357,3 351,2 358,1 426,3 1,1
438,2 361,1 353,3 359,1 525,2 360,2 358,2 1,1
438,2 361,1 353,2 359,1 525,1 360,2 358,2 1,1
438,2 361,1 542,1 357,2 359,2 525,1 358,2 4,4
438,2 361,1 353,3 357,3 359,2 138,1 360,2 1,1
438,2 361,1 425,2 353,2 141,1 138,1 357,3 1,1
438,2 340,1 355,1 354,2 341,1 458,2 358,2 1,1
438,1 141,1 359,1 194,1 429,1 0,0 0,0 1,1
438,2 361,1 354,3 525,2 138,2 351,2 357,3 4,4
438,2 361,2 341,2 359,2 358,2 357,3 351,2 2,2
438,2 361,1 542,1 357,2 359,2 525,2 358,2 2,2
438,1 361,1 138,1 362,1 359,1 360,1 0,0 1,1
438,2 342,1 138,2 141,1 357,3 366,1 362,1 1,1
553,1 542,1 361,2 357,3 525,1 351,2 353,3 1,1
438,2 361,1 425,3 353,3 141,1 138,1 357,3 3,3
438,2 340,3 353,3 354,3 357,3 360,2 364,1 1,1
438,2 361,2 359,1 141,1 525,1 358,2 357,2 1,1
438,2 361,1 354,3 525,1 138,1 351,1 357,2 1,1
438,2 361,1 354,3 357,3 359,1 362,1 366,1 1,1
438,2 361,1 354,3 357,3 542,1 351,2 358,2 1,1
438,2 361,2 542,1 357,1 359,1 525,1 358,1 1,1
438,2 361,2 542,1 359,2 525,1 358,2 357,3 1,1
553,1 361,2 354,3 357,3 525,2 351,2 366,1 1,1
438,2 361,1 357,2 360,2 358,1 359,2 0,0 1,1
438,1 342,1 426,1 359,1 525,1 357,1 351,1 1,1
438,2 361,2 542,2 525,2 359,2 364,2 362,2 1,1
438,1 140,1 424,1 357,1 138,1 360,1 0,0 1,1
438,2 361,1 354,3 357,3 138,2 353,3 362,1 2,2
438,2 361,1 476,1 357,3 351,2 525,1 366,1 1,1
145,1 543,1 525,1 0,0 0,0 0,0 0,0 1,1
553,1 361,1 354,1 138,1 357,3 525,1 426,3 1,1
438,2 361,1 357,1 359,1 525,2 358,1 351,2 1,1
438,2 361,2 362,1 357,3 525,1 364,2 353,3 1,1
438,2 425,3 353,2 354,3 357,3 445,1 0,0 1,1
438,2 361,2 353,3 525,2 357,3 362,2 364,1 1,1
438,2 361,1 542,2 359,2 358,2 525,2 357,1 2,2
438,2 361,2 353,3 354,3 359,2 360,1 358,2 1,1
438,2 361,2 458,2 504,1 542,1 359,2 366,1 1,1
553,1 361,2 366,1 357,3 525,1 445,1 0,0 3,3
553,1 432,1 357,3 427,1 364,1 358,2 353,3 2,2
438,2 342,1 350,2 360,2 138,1 366,1 0,0 1,1
438,2 361,2 354,3 362,1 357,3 138,3 0,0 2,2
548,2 342,1 366,1 542,2 351,2 358,1 357,3 1,1
438,2 342,1 542,1 359,2 525,2 357,3 353,3 1,1
438,2 342,1 360,2 357,2 458,1 366,1 0,0 2,2
553,1 361,2 341,1 359,2 357,3 351,2 353,3 1,1
438,2 361,1 542,2 359,1 525,2 360,1 353,1 3,3
438,2 361,1 542,1 359,1 525,1 360,2 353,1 4,4
438,2 361,2 366,1 354,3 357,3 351,1 362,1 1,1
553,1 542,1 246,2 351,2 525,1 357,3 0,0 1,1
438,1 361,1 141,1 359,1 525,1 364,1 362,1 1,1
438,2 361,2 354,3 357,3 358,2 366,1 362,1 1,1
438,2 361,2 357,3 354,3 351,2 366,1 362,2 4,4
438,2 342,1 366,1 138,1 357,3 351,2 361,2 2,2
438,2 361,2 476,3 341,2 357,3 351,2 0,0 1,1
438,2 361,1 542,1 357,3 359,2 525,1 358,2 1,1
438,2 354,3 476,1 195,1 142,1 525,1 366,1 1,1
438,2 361,2 359,2 362,2 525,1 357,3 366,1 1,1
553,1 342,1 357,3 351,2 193,3 138,3 366,1 1,1
438,2 361,1 542,1 359,2 525,1 360,1 353,3 1,1
438,2 353,3 354,3 138,1 357,3 361,1 362,1 1,1
438,2 342,1 542,1 359,1 525,2 357,3 353,3 2,2
438,2 361,1 354,3 357,1 542,1 351,2 358,1 1,1
438,2 361,2 476,3 141,1 357,3 341,2 0,0 1,1
553,1 361,1 341,2 359,1 357,3 351,2 353,3 2,2
438,1 361,1 140,1 357,1 427,1 139,1 0,0 3,3
438,1 361,1 354,1 357,1 541,1 138,1 351,1 1,1
438,2 361,2 353,3 354,3 357,3 364,2 362,2 1,1
438,2 342,1 357,3 351,2 525,1 358,2 353,3 1,1
438,2 342,1 525,2 424,3 351,2 357,3 426,3 1,1
438,2 361,1 354,2 525,2 138,1 351,2 357,3 1,1
438,2 361,2 359,2 357,3 351,2 525,1 542,2 1,1
438,2 361,2 542,1 340,3 192,1 525,1 366,1 1,1
258,2 140,1 366,1 477,1 362,1 525,1 353,3 1,1
438,2 361,2 354,3 138,1 357,3 360,2 0,0 2,2
438,2 342,1 542,2 359,1 525,2 357,3 353,1 1,1
438,2 361,1 359,2 357,3 351,2 525,1 358,2 1,1
438,2 542,1 523,1 357,3 458,1 427,1 0,0 1,1
145,1 366,1 342,1 354,1 358,1 359,1 360,1 1,1
438,2 361,1 354,2 458,2 138,1 357,3 351,1 1,1
438,2 361,2 527,3 359,1 458,2 525,2 357,3 1,1
438,2 361,2 366,1 354,2 138,2 357,3 360,2 1,1
438,2 361,1 359,2 141,1 525,2 358,2 357,3 1,1
438,2 342,1 341,2 357,3 358,1 139,2 366,1 1,1
438,2 361,2 353,3 357,3 431,2 341,1 359,2 1,1
145,1 140,1 361,1 141,1 357,1 196,1 0,0 1,1
438,2 361,1 426,3 354,3 357,3 445,1 0,0 1,1
438,2 140,1 359,2 462,1 360,2 340,3 366,1 1,1
438,2 342,1 366,1 364,1 357,3 542,2 362,1 1,1
438,2 342,1 138,1 357,2 362,2 366,1 141,1 1,1
438,1 542,1 361,1 357,1 351,1 341,1 358,1 1,1
438,1 542,1 361,1 351,1 357,1 341,1 358,1 1,1
438,2 361,2 353,3 357,3 359,2 358,2 362,2 1,1
438,2 361,1 353,1 525,2 358,1 359,1 360,1 1,1
438,2 361,1 354,1 458,2 138,3 357,3 351,2 1,1
438,2 342,1 362,2 458,2 357,3 353,3 0,0 1,1
438,2 340,3 355,3 354,3 341,2 458,1 359,2 1,1
438,2 361,1 354,2 458,1 138,1 357,3 351,1 1,1
438,2 361,1 354,3 458,1 138,2 357,3 351,1 2,2
438,2 342,1 366,1 357,3 362,1 138,1 141,1 1,1
553,1 361,1 341,2 357,1 351,1 525,1 0,0 1,1
438,2 342,1 357,3 351,1 138,1 542,2 358,1 1,1
449,1 361,2 476,3 357,3 138,3 430,1 0,0 1,1
438,2 361,2 357,3 364,2 341,2 458,2 351,2 1,1
438,2 361,2 357,3 525,1 359,2 458,2 138,1 1,1
438,1 524,1 354,1 357,1 138,1 341,1 351,1 1,1
553,1 361,2 341,2 357,3 351,2 525,2 366,1 1,1
438,2 361,2 354,3 357,3 362,2 141,1 366,1 2,2
438,2 342,1 353,2 354,3 357,3 351,1 358,1 1,1
438,2 361,2 354,1 458,2 138,1 357,3 351,2 1,1
438,2 361,2 357,3 359,2 341,2 458,2 138,1 1,1
438,2 342,1 357,3 426,2 351,2 458,2 358,2 1,1
438,2 342,1 362,2 357,3 458,2 353,3 0,0 2,2
438,2 361,2 355,3 525,1 364,2 359,2 358,2 1,1
438,2 342,1 138,1 357,3 242,3 366,1 0,0 1,1
438,2 361,2 524,1 141,1 542,2 362,1 0,0 1,1
438,1 366,1 361,1 341,1 357,1 351,1 362,1 1,1
438,2 361,2 448,1 359,2 525,2 358,2 357,3 1,1
499,2 475,3 476,3 364,2 357,3 0,0 0,0 1,1
438,2 340,3 353,3 354,3 357,3 360,2 364,2 1,1
145,1 361,1 357,1 141,1 359,1 360,1 426,1 1,1
438,2 342,1 458,2 359,1 525,1 427,1 351,2 1,1
438,2 361,2 542,2 357,3 359,2 525,2 358,1 2,2
438,2 353,3 361,2 525,2 138,1 357,3 362,1 1,1
438,2 361,2 353,3 525,2 357,3 362,2 364,2 1,1
145,1 349,1 453,1 340,1 0,0 0,0 0,0 11,11
438,2 342,1 363,1 359,2 357,3 356,3 0,0 1,1
438,2 361,2 354,3 357,3 362,2 351,1 366,1 1,1
553,1 340,3 354,1 357,1 358,1 351,2 353,3 1,1
438,2 361,2 351,2 357,3 358,1 360,2 0,0 1,1
548,1 544,1 525,1 543,1 527,1 0,0 0,0 1,1
438,2 361,1 341,2 359,2 525,2 357,3 138,1 1,1
548,1 544,1 527,1 526,1 0,0 0,0 0,0 1,1
145,1 527,1 453,1 0,0 0,0 0,0 0,0 1,1
438,2 361,1 355,3 357,3 341,2 364,1 448,1 1,1
438,1 542,1 523,1 357,1 458,1 427,1 0,0 1,1
145,1 527,1 544,1 525,1 526,1 0,0 0,0 1,1
438,2 361,2 425,3 353,3 141,2 138,3 357,3 1,1
145,1 349,1 542,1 453,1 0,0 0,0 0,0 1,1
145,1 544,1 0,0 0,0 0,0 0,0 0,0 2,2
145,1 527,1 544,1 526,1 0,0 0,0 0,0 2,2
145,1 544,1 453,1 0,0 0,0 0,0 0,0 2,2
145,1 525,1 453,1 0,0 0,0 0,0 0,0 1,1
438,2 342,1 458,2 525,1 357,2 138,3 353,3 1,1
145,1 527,1 0,0 0,0 0,0 0,0 0,0 1,1
438,2 361,1 542,2 359,1 525,1 358,1 357,1 1,1
145,1 543,1 527,1 349,1 453,1 0,0 0,0 1,1
145,1 543,1 526,1 527,1 0,0 0,0 0,0 4,4
145,1 349,1 544,1 527,1 453,1 0,0 0,0 2,2
145,1 543,1 526,1 349,1 340,1 0,0 0,0 1,1
145,1 543,1 453,1 0,0 0,0 0,0 0,0 4,4
438,2 361,2 341,1 359,2 525,1 358,1 429,1 1,1
145,1 543,1 544,1 525,1 0,0 0,0 0,0 1,1
438,2 342,1 341,1 359,2 358,2 357,3 353,3 1,1
438,2 361,2 353,2 359,2 525,2 360,2 358,2 1,1
145,1 543,1 527,1 0,0 0,0 0,0 0,0 1,1
553,1 542,2 361,2 357,3 525,2 351,2 353,3 2,2
548,1 544,1 542,1 324,1 543,1 0,0 0,0 1,1
438,1 342,1 542,1 359,1 525,1 341,1 427,1 1,1
438,1 361,1 139,1 359,1 525,1 341,1 141,1 2,2
145,1 349,1 526,1 453,1 0,0 0,0 0,0 1,1
145,1 543,1 349,1 340,1 453,1 0,0 0,0 1,1
145,1 527,1 542,1 526,1 0,0 0,0 0,0 1,1
145,1 543,1 542,1 544,1 526,1 0,0 0,0 1,1
145,1 544,1 526,1 0,0 0,0 0,0 0,0 2,2
145,1 543,1 526,1 453,1 0,0 0,0 0,0 1,1
438,1 542,1 342,1 424,1 357,1 351,1 527,1 1,1
145,1 543,1 349,1 453,1 0,0 0,0 0,0 1,1
145,1 525,1 544,1 526,1 453,1 0,0 0,0 2,2
438,1 542,1 361,1 354,1 357,1 366,1 362,1 1,1
145,1 543,1 527,1 453,1 0,0 0,0 0,0 3,3
145,1 543,1 542,1 526,1 349,1 0,0 0,0 1,1
548,1 524,1 542,1 324,1 543,1 0,0 0,0 1,1
438,2 542,1 342,1 357,2 351,1 358,1 427,1 1,1
553,1 340,3 354,1 357,3 358,2 351,2 353,3 1,1
145,1 526,1 0,0 0,0 0,0 0,0 0,0 1,1
145,1 349,1 544,1 526,1 340,1 0,0 0,0 1,1
145,1 543,1 525,1 527,1 526,1 0,0 0,0 1,1
438,2 361,2 353,3 359,2 525,2 360,1 358,2 1,1
438,2 342,1 341,2 458,1 138,1 362,1 0,0 1,1
145,1 349,1 525,1 453,1 0,0 0,0 0,0 1,1
438,1 361,1 353,1 341,1 359,1 523,1 0,0 1,1
438,2 361,2 357,1 359,2 358,1 360,1 366,1 1,1
438,2 342,1 542,1 359,2 525,1 357,3 353,3 2,2
438,2 140,1 476,2 357,3 138,1 351,2 426,3 1,1
553,1 361,2 341,2 357,3 351,1 525,2 366,1 1,1
438,2 361,2 353,3 354,2 359,2 360,2 358,2 1,1
438,2 361,2 357,3 542,1 359,2 525,2 351,2 1,1
438,2 361,2 354,3 357,1 359,2 362,2 366,1 1,1
553,1 542,2 361,2 357,3 525,1 351,2 353,3 1,1
438,2 353,3 354,3 357,3 445,1 351,1 458,1 1,1
438,2 361,2 525,2 357,3 359,2 351,2 358,2 1,1
438,2 361,2 354,3 458,2 138,3 357,3 351,2 2,2
145,1 527,1 544,1 0,0 0,0 0,0 0,0 1,1
438,2 361,2 424,3 525,2 351,2 357,3 358,2 2,2
438,2 342,1 366,1 351,2 357,3 138,1 361,2 1,1
438,2 426,2 354,3 458,2 357,3 351,1 361,2 1,1
438,2 361,2 542,2 359,2 525,2 360,2 353,1 2,2
438,2 342,1 353,3 341,2 357,3 358,2 351,2 1,1
438,2 366,1 361,1 362,1 359,1 341,2 357,3 1,1
438,2 361,1 341,2 359,2 358,1 351,1 357,3 1,1
145,1 527,1 526,1 453,1 0,0 0,0 0,0 1,1
438,2 361,2 425,3 353,3 141,1 138,3 357,3 1,1
438,2 361,1 425,3 426,1 141,1 138,1 357,1 1,1
438,2 361,2 476,3 357,3 525,2 358,1 0,0 1,1
438,2 353,1 356,1 342,1 357,3 351,2 341,2 1,1
438,2 342,1 341,2 359,2 358,1 357,1 353,3 1,1
438,1 140,1 357,1 196,1 360,1 353,1 0,0 2,2
235,1 361,2 241,1 557,1 230,1 237,1 366,1 1,1
145,1 543,1 542,1 525,1 526,1 527,1 0,0 1,1
438,2 361,2 542,1 359,2 525,2 360,2 353,2 2,2
438,2 361,1 542,2 359,2 525,1 360,2 353,1 1,1
438,1 361,1 354,1 359,1 138,1 357,1 525,1 1,1
438,2 342,1 366,1 351,2 357,3 138,3 361,2 1,1
438,2 342,1 542,1 357,3 351,2 525,1 426,3 1,1
145,1 453,1 0,0 0,0 0,0 0,0 0,0 30,31
553,1 354,3 424,3 525,1 357,3 351,2 542,2 18,19
145,1 349,1 453,1 0,0 0,0 0,0 0,0 26,28
438,2 340,3 341,2 351,2 357,3 358,2 525,1 11,12
553,1 361,2 353,3 525,2 359,2 351,2 357,3 11,12
438,2 361,1 354,1 458,2 138,1 357,3 351,1 9,10
553,1 340,3 354,3 357,3 358,2 351,2 353,3 25,28
438,2 361,2 542,1 359,2 358,2 525,1 357,3 43,49
553,1 354,3 424,1 525,2 357,3 351,2 542,1 7,8
438,2 361,2 357,3 448,1 359,2 525,1 358,2 7,8
438,2 361,1 354,3 525,2 138,1 351,2 357,3 109,125
553,1 354,3 424,3 525,1 357,3 351,2 542,1 20,23
553,1 340,3 354,3 357,3 358,2 351,1 353,3 85,99
438,2 361,2 357,3 341,2 351,2 525,1 427,1 6,7
438,2 361,2 359,2 357,3 525,1 358,2 542,1 6,7
438,2 361,2 359,2 357,3 351,2 525,1 358,2 6,7
438,2 342,1 542,2 359,1 525,2 357,3 353,3 6,7
438,2 361,1 542,1 357,2 359,1 525,2 358,2 11,13
438,2 361,2 542,2 359,2 358,2 525,1 357,3 21,25
438,2 361,1 354,3 525,1 138,1 351,2 357,3 21,25
438,2 340,3 359,2 341,2 357,3 351,2 525,1 5,6
438,2 361,2 424,1 357,3 351,2 525,1 358,2 5,6
438,2 361,1 354,3 357,3 351,2 362,1 0,0 5,6
438,2 361,2 542,2 359,2 358,2 525,2 357,3 41,50
553,1 354,3 424,1 525,1 357,3 351,2 542,1 9,11
438,2 342,1 366,1 256,1 357,3 351,2 426,3 13,16
438,2 361,1 354,3 458,2 138,1 357,3 351,2 58,72
438,2 361,1 542,1 359,1 358,2 525,2 357,3 49,61
145,1 349,1 544,1 453,1 0,0 0,0 0,0 4,5
438,2 361,1 542,1 359,2 358,1 525,1 357,3 4,5
438,2 361,1 542,1 359,2 358,2 525,1 357,3 8,10
438,2 361,2 357,3 359,2 351,2 525,1 358,2 4,5
438,2 342,1 341,2 351,2 357,3 458,1 0,0 4,5
438,2 361,2 354,3 138,1 357,3 351,2 541,1 4,5
553,1 354,3 424,3 525,2 357,3 351,1 542,2 4,5
438,2 361,2 354,3 357,3 362,2 141,2 366,1 4,5
438,2 361,2 354,3 458,2 138,1 357,3 351,2 16,20
438,2 353,3 354,3 357,3 445,1 351,2 458,2 31,39
438,2 361,2 542,1 359,2 358,2 525,2 357,3 25,32
438,2 361,1 542,1 359,1 525,1 195,1 358,2 7,9
438,2 361,1 542,1 359,1 358,1 525,1 357,3 7,9
438,2 361,1 353,3 359,1 525,1 360,1 358,2 7,9
553,1 354,3 424,1 525,1 357,3 351,2 542,2 7,9
438,2 353,3 354,3 357,2 445,1 351,2 458,1 7,9
438,2 361,2 356,3 341,2 359,2 357,3 351,2 7,9
438,2 361,2 353,3 359,2 525,1 360,2 358,2 84,108
438,1 542,1 342,1 424,1 357,1 351,1 427,1 10,13
438,2 342,1 476,3 359,2 360,2 366,1 0,0 6,8
553,1 542,1 342,1 357,3 525,1 364,2 366,1 3,4
438,2 361,2 354,3 448,1 357,3 362,2 0,0 3,4
438,2 361,2 354,3 138,1 357,3 351,1 541,1 9,12
438,2 361,1 425,3 353,3 141,1 138,1 357,2 3,4
438,2 361,1 542,2 359,2 358,1 525,2 357,3 6,8
438,2 361,1 542,1 359,2 358,2 525,2 357,3 3,4
438,2 361,2 357,3 341,2 525,1 358,2 427,1 6,8
438,2 361,2 357,3 351,2 359,2 525,2 542,1 3,4
438,2 353,3 354,3 357,3 351,2 445,1 458,2 3,4
438,2 361,2 357,3 351,2 359,2 525,1 542,1 6,8
438,2 342,1 341,2 364,1 358,2 360,2 366,1 3,4
553,1 340,3 354,3 351,2 357,3 453,3 0,0 3,4
438,2 361,2 351,2 357,3 359,2 525,1 542,1 6,8
438,2 361,1 542,2 359,1 358,2 525,1 357,3 45,60
438,2 361,2 354,3 357,3 359,2 362,2 366,1 3,4
438,2 361,2 354,3 357,3 351,2 362,2 366,1 3,4
438,2 361,1 542,2 357,3 359,2 525,1 358,2 3,4
438,2 342,1 138,1 357,3 362,1 366,1 141,1 3,4
553,1 354,3 424,3 525,2 357,3 351,2 542,1 6,8
145,1 543,1 542,1 525,1 544,1 527,1 0,0 3,4
145,1 349,1 526,1 340,1 453,1 0,0 0,0 3,4
553,1 340,3 354,3 357,2 358,2 351,2 353,3 3,4
438,1 361,1 542,1 359,1 525,1 357,1 358,1 3,4
438,1 361,1 354,1 357,1 525,1 138,1 351,1 3,4
438,1 361,1 354,1 138,1 357,1 525,1 351,1 3,4
438,2 361,2 354,3 458,2 138,2 357,3 351,2 3,4
438,2 361,1 542,2 359,1 358,2 525,2 357,3 215,292
438,2 361,1 542,2 359,1 358,1 525,2 357,3 36,49
438,2 361,1 542,1 359,1 358,2 525,1 357,3 29,40
438,2 361,2 354,3 357,3 138,3 353,3 362,1 5,7
438,2 361,1 542,2 359,1 358,2 525,2 357,1 5,7
438,2 361,1 542,2 359,1 525,1 360,1 353,3 10,14
438,2 340,3 341,2 357,3 351,2 525,1 358,2 5,7
438,2 361,1 542,2 357,2 359,1 525,2 358,2 5,7
438,2 361,2 354,3 357,3 362,2 351,2 366,1 5,7
438,2 342,1 341,2 351,2 357,3 458,2 0,0 32,45
438,2 361,1 542,1 359,1 358,1 525,2 357,3 17,24
438,2 361,2 354,3 351,2 357,3 362,1 366,1 50,72
438,2 361,2 353,3 359,2 525,2 360,2 358,2 42,61
438,2 361,2 354,3 351,1 357,3 362,1 366,1 23,34
438,2 342,1 341,2 359,2 358,2 357,3 353,3 2,3
145,1 349,1 527,1 453,1 0,0 0,0 0,0 2,3
438,2 361,2 354,2 458,2 138,1 357,3 351,2 2,3
438,2 361,2 366,1 354,3 359,1 362,1 357,3 2,3
438,2 361,2 354,3 357,3 362,1 141,1 366,1 2,3
438,2 361,1 542,1 359,1 525,2 195,1 358,2 6,9
438,2 361,1 354,1 357,3 138,1 353,1 362,1 2,3
438,2 342,1 542,1 341,2 359,2 525,1 427,1 4,6
553,1 361,1 341,2 359,2 357,1 351,2 353,1 2,3
438,2 361,1 353,1 525,1 359,2 358,1 360,2 2,3
438,2 361,2 357,3 429,1 525,1 358,2 427,1 2,3
438,2 353,3 361,1 354,3 138,1 357,3 362,1 2,3
438,1 361,1 341,1 359,1 358,1 525,1 429,1 2,3
438,2 361,2 351,2 359,2 357,3 525,1 542,1 2,3
438,2 361,2 351,2 359,2 357,3 525,1 358,2 2,3
438,2 361,2 448,1 357,3 359,2 525,1 358,2 2,3
438,2 542,1 342,1 359,1 357,1 525,1 426,1 2,3
438,2 353,3 354,3 357,3 351,1 445,1 458,2 2,3
438,2 525,1 542,1 361,1 357,3 359,1 358,2 2,3
438,2 361,2 341,2 357,3 351,2 358,2 359,2 2,3
438,2 361,2 357,3 448,1 358,2 525,1 542,1 2,3
438,2 361,2 359,2 357,3 358,2 525,1 542,2 2,3
438,2 361,2 357,3 359,2 525,1 358,2 542,1 6,9
438,2 361,2 357,3 359,2 351,2 525,1 542,1 4,6
438,2 361,2 357,3 458,1 351,2 525,1 427,1 2,3
438,1 361,1 354,1 141,1 138,1 341,1 357,1 2,3
438,2 361,1 353,1 359,1 525,1 360,2 358,2 2,3
438,2 361,2 351,2 357,3 525,1 542,1 358,2 2,3
438,2 361,2 359,2 351,2 357,3 542,1 525,1 2,3
438,2 361,1 353,3 359,1 525,1 360,2 358,2 4,6
438,2 361,1 359,1 141,1 525,1 358,2 357,3 6,9
438,2 361,2 359,2 141,1 525,2 358,2 357,3 4,6
438,2 342,1 542,2 357,3 359,2 525,1 426,1 2,3
438,2 361,2 341,2 359,2 351,2 358,2 357,3 2,3
438,2 361,2 542,1 357,3 359,2 525,2 358,1 2,3
553,1 361,2 341,2 359,2 357,3 351,2 353,3 4,6
438,2 361,1 354,3 357,3 138,1 353,1 362,1 2,3
438,1 342,1 341,1 359,1 525,1 358,1 427,1 2,3
145,1 543,1 544,1 525,1 526,1 0,0 0,0 8,12
438,2 361,1 542,2 359,1 525,1 195,1 358,1 4,6
438,2 361,2 542,2 357,3 359,2 525,1 358,2 4,6
438,1 361,1 357,1 359,1 525,1 358,1 542,1 6,9
438,1 342,1 357,1 341,1 359,1 351,1 366,1 6,9
438,2 361,2 354,3 362,2 357,3 138,1 366,1 2,3
438,2 361,2 354,3 448,1 357,3 362,1 0,0 4,6
553,1 432,1 357,3 427,2 364,1 358,1 353,3 2,3
438,2 361,1 542,2 359,1 525,1 195,1 358,2 4,6
438,2 361,2 542,2 359,1 525,2 360,2 353,3 2,3
553,1 340,3 354,3 357,3 358,1 351,1 353,3 4,6
438,2 342,1 353,3 354,3 357,3 351,2 358,2 4,6
438,1 342,1 458,1 525,1 357,1 138,1 353,1 11,17
145,1 543,1 544,1 527,1 526,1 0,0 0,0 9,14
438,1 542,1 342,1 359,1 357,1 351,1 427,1 7,11
438,1 361,1 542,1 359,1 525,1 195,1 358,1 1933,3045
438,2 361,1 354,3 458,2 138,1 357,3 351,1 27,43
438,2 342,1 353,3 354,3 357,2 351,2 358,2 5,8
438,2 246,3 354,3 458,2 359,1 364,1 357,3 5,8
145,1 543,1 542,1 544,1 526,1 527,1 0,0 5,8
438,2 366,1 361,1 357,3 141,1 354,3 362,1 8,13
438,1 361,1 542,1 359,1 525,1 358,1 139,1 8,13
438,2 361,1 542,1 359,2 525,1 195,1 358,2 3,5
438,2 361,1 542,1 359,1 525,1 360,1 353,1 6,10
438,2 361,1 354,2 458,2 138,1 357,3 351,2 6,10
438,2 342,1 353,3 354,3 357,2 351,2 358,1 3,5
438,2 361,1 353,3 359,2 525,1 360,2 358,2 3,5
438,2 361,2 357,3 351,2 358,2 525,1 542,1 3,5
438,2 361,2 359,2 351,2 357,3 525,1 358,2 3,5
438,2 361,2 341,2 357,3 358,2 525,1 427,1 3,5
438,1 361,1 351,1 424,1 357,1 525,1 358,1 3,5
438,2 361,1 341,2 359,1 525,2 358,2 429,1 3,5
553,1 361,2 366,1 357,3 525,2 445,1 0,0 3,5
438,2 361,1 542,2 359,1 525,2 360,1 353,3 3,5
438,2 342,1 542,2 357,3 359,2 525,2 426,1 3,5
438,2 361,2 353,2 351,2 341,2 359,1 360,1 3,5
438,1 361,1 354,1 525,1 138,1 351,1 357,1 670,1140
438,1 361,1 354,1 357,1 362,1 351,1 366,1 14,24
438,2 361,1 542,1 359,1 525,2 360,2 353,3 11,19
553,1 354,3 424,3 525,2 357,3 351,2 542,2 4,7
438,2 361,2 357,3 351,2 359,2 525,1 358,2 4,7
438,2 361,1 354,3 458,2 138,2 357,3 351,2 4,7
438,2 361,1 542,1 359,1 525,2 360,1 353,3 4,7
438,1 361,1 542,1 357,1 525,1 358,1 351,1 12,21
438,2 353,3 354,3 357,3 445,1 351,2 458,1 8,14
438,2 340,3 341,2 351,2 357,3 358,2 525,2 4,7
438,1 361,1 354,1 351,1 357,1 362,1 0,0 8,14
438,2 361,1 354,3 357,2 138,1 353,3 362,1 9,16
438,2 361,1 542,2 359,1 525,1 360,2 353,3 14,25
438,1 342,1 542,1 359,1 525,1 357,1 353,1 287,513
438,1 342,1 542,1 359,1 525,1 358,1 351,1 5,9
438,2 361,1 354,3 458,1 138,1 357,3 351,1 5,9
438,1 140,1 366,1 357,1 359,1 358,1 361,1 5,9
438,1 140,1 354,1 138,1 141,1 351,1 357,1 5,9
438,2 361,1 542,2 359,2 358,2 525,1 357,3 5,9
438,2 361,2 366,1 354,3 359,2 362,1 357,3 5,9
438,2 361,2 353,3 359,2 525,1 360,1 358,2 5,9
438,1 542,1 342,1 359,1 357,1 525,1 353,1 87,158
438,2 361,1 542,2 359,2 358,2 525,2 357,3 11,20
438,2 361,2 353,3 354,3 359,2 360,2 358,2 11,20
438,1 542,1 342,1 359,1 357,1 525,1 426,1 39,71
438,2 353,3 354,3 357,2 445,1 351,2 458,2 62,113
438,1 361,1 542,1 359,1 525,1 358,1 195,1 42,77
438,1 361,1 354,1 141,1 453,1 362,1 0,0 12,22
438,2 361,1 341,2 359,2 525,1 358,2 429,1 6,11
438,1 361,1 366,1 354,1 362,1 358,1 357,1 18,33
438,2 361,1 542,1 359,2 525,2 360,2 353,3 25,46
438,2 361,2 542,2 359,2 525,2 360,2 353,3 13,24
438,2 361,1 366,1 354,3 362,1 358,2 357,3 7,13
438,2 361,1 354,3 357,3 138,1 353,3 362,1 7,13
438,1 542,1 342,1 357,1 351,1 358,1 427,1 72,134
438,1 361,1 354,1 138,1 357,1 351,1 541,1 68,127
438,1 361,1 542,1 359,1 525,1 360,1 353,1 330,626
438,1 542,1 342,1 359,1 525,1 357,1 426,1 10,19
438,1 361,1 542,1 357,1 359,1 525,1 358,1 1107,2128
438,1 361,1 354,1 525,1 357,1 138,1 424,1 14,27
438,1 342,1 542,1 359,1 525,1 357,1 426,1 16,31
438,1 361,1 359,1 141,1 525,1 358,1 357,1 55,107
438,1 366,1 361,1 357,1 141,1 354,1 362,1 20,39
438,1 353,1 361,1 357,1 364,1 354,1 362,1 23,45
438,2 361,1 542,1 359,2 525,1 360,2 353,3 28,55
438,1 361,1 542,1 359,1 358,1 525,1 357,1 423,845
438,2 361,1 542,2 359,2 525,1 195,1 358,2 1,2
438,1 361,1 138,1 141,1 357,1 360,1 353,1 7,14
438,2 361,1 542,1 359,2 525,2 360,2 353,1 1,2
438,2 361,1 542,2 359,2 525,2 360,2 353,3 13,26
438,2 361,2 354,3 351,2 357,3 362,2 0,0 2,4
438,2 361,2 542,1 359,1 525,2 360,2 353,3 1,2
438,2 361,1 542,2 359,1 525,2 360,2 353,3 7,14
438,2 361,2 357,3 359,2 358,2 360,2 366,1 1,2
438,2 361,1 542,2 357,2 359,2 525,1 358,2 2,4
553,1 432,1 357,3 427,1 364,1 358,1 353,3 2,4
438,2 361,2 353,3 359,1 525,1 360,2 358,2 4,8
438,2 361,1 354,1 351,1 357,3 362,1 366,1 2,4
548,1 340,1 349,1 453,1 0,0 0,0 0,0 1,2
438,2 361,1 542,1 359,1 525,2 360,2 353,1 1,2
553,1 340,3 354,2 357,1 358,2 351,2 353,1 1,2
438,2 361,1 542,1 359,2 525,1 360,2 353,1 1,2
438,2 361,2 525,2 359,2 357,3 351,2 358,2 1,2
438,2 342,1 542,2 357,3 359,2 525,1 426,3 1,2
438,2 340,3 353,1 354,1 357,1 360,1 364,1 1,2
438,1 361,1 357,1 523,1 366,1 351,1 0,0 1,2
438,2 361,1 359,1 141,1 525,1 358,1 357,3 2,4
438,2 361,2 542,2 359,2 358,2 525,1 357,1 1,2
438,2 361,1 354,3 357,3 138,1 445,1 0,0 1,2
438,2 361,2 359,2 141,1 525,1 358,2 357,3 4,8
438,2 361,2 353,3 359,1 525,2 360,2 358,2 1,2
438,2 353,3 361,1 357,3 364,1 354,3 362,2 2,4
438,2 361,1 542,1 357,1 359,2 525,2 358,2 1,2
438,2 361,1 542,1 359,2 525,2 360,1 353,1 1,2
553,1 432,1 357,3 427,2 364,1 358,2 353,3 2,4
553,1 361,2 341,1 359,1 357,3 351,1 353,3 1,2
438,2 361,2 366,1 354,3 362,1 358,2 357,2 1,2
438,2 342,1 353,3 357,3 351,2 362,1 366,1 1,2
145,1 543,1 0,0 0,0 0,0 0,0 0,0 1,2
438,2 342,1 363,1 359,1 357,3 356,3 0,0 1,2
438,2 361,1 353,3 525,2 358,1 359,1 360,1 1,2
438,1 342,1 341,1 359,1 525,1 358,1 353,1 3,6
438,2 361,2 425,3 353,3 141,1 138,1 357,3 2,4
438,2 361,1 353,3 354,2 357,2 362,1 364,1 2,4
438,1 342,1 341,1 359,1 458,1 525,1 353,1 1,2
145,1 527,1 542,1 544,1 526,1 0,0 0,0 1,2
438,2 361,1 353,1 359,2 525,1 360,2 358,2 1,2
553,1 340,3 354,3 357,1 358,2 351,2 353,3 1,2
438,2 361,1 353,3 354,3 357,3 445,1 0,0 1,2
145,1 361,1 0,0 0,0 0,0 0,0 0,0 1,2
438,1 361,1 354,1 448,1 357,1 362,1 0,0 1,2
145,1 342,1 141,1 341,1 359,1 360,1 0,0 1,2
438,1 361,1 426,1 525,1 358,1 359,1 360,1 1,2
438,2 361,1 353,1 351,2 341,2 359,2 360,2 1,2
438,2 361,2 354,1 458,2 138,1 357,3 351,1 1,2
438,2 353,3 361,1 357,2 364,2 354,3 362,2 1,2
438,1 361,1 357,1 141,1 358,1 360,1 0,0 1,2
438,2 340,3 458,1 357,3 525,1 358,2 542,2 1,2
438,2 361,2 353,3 354,3 359,2 358,2 360,2 1,2
145,1 541,1 526,1 351,1 453,1 0,0 0,0 1,2
438,2 361,2 357,3 448,1 351,2 525,1 542,1 1,2
438,2 361,1 354,3 458,2 138,2 357,3 351,1 1,2
438,2 361,2 458,1 357,3 525,1 358,2 427,1 3,6
438,2 361,2 351,2 448,1 357,3 525,2 542,1 1,2
438,1 361,1 357,1 138,1 341,1 360,1 0,0 1,2
438,2 361,2 448,1 357,3 351,2 525,1 542,1 2,4
438,2 361,2 357,3 359,2 351,2 542,1 525,1 1,2
438,1 361,1 525,1 358,1 141,1 357,1 138,1 1,2
438,2 361,1 542,1 359,1 525,2 429,1 358,1 1,2
438,1 361,1 357,1 359,1 525,1 358,1 351,1 1,2
438,2 340,3 341,2 359,2 357,3 525,1 358,2 1,2
438,2 361,2 354,3 351,2 357,2 362,1 0,0 1,2
438,1 361,1 476,1 341,1 525,1 358,1 353,1 4,8
438,1 361,1 354,1 357,1 138,1 141,1 351,1 2,4
438,2 340,3 351,2 341,2 357,3 525,2 542,1 1,2
438,2 342,1 542,1 341,2 359,1 525,2 427,1 1,2
438,2 340,3 458,1 357,3 359,2 525,1 358,2 1,2
438,2 361,2 359,2 357,3 341,2 448,1 351,2 1,2
438,2 525,2 542,1 361,1 357,2 359,1 358,2 1,2
438,1 361,1 354,1 357,1 138,1 353,1 362,1 1,2
438,2 361,2 429,1 357,3 359,2 351,2 542,1 1,2
438,1 140,1 138,1 193,1 426,1 423,1 358,1 1,2
438,1 361,1 542,1 359,1 141,1 525,1 195,1 1,2
145,1 527,1 544,1 453,1 0,0 0,0 0,0 1,2
438,2 361,1 424,3 525,1 351,2 357,3 358,2 1,2
145,1 527,1 542,1 525,1 526,1 351,1 453,1 1,2
438,2 542,1 342,1 359,1 357,2 525,1 426,1 1,2
438,2 525,1 542,1 361,1 357,3 359,2 358,2 1,2
438,2 361,2 341,2 357,3 525,1 427,1 358,2 1,2
438,1 361,1 366,1 357,1 525,1 542,1 362,1 1,2
438,2 361,2 357,3 351,2 359,2 525,2 358,2 1,2
438,2 361,1 341,2 359,1 351,2 358,2 357,3 5,10
438,2 361,2 366,1 357,3 525,2 542,2 362,2 1,2
438,1 342,1 426,1 359,1 361,1 362,1 0,0 1,2
438,2 361,2 357,3 341,2 427,1 525,1 358,2 1,2
438,2 361,2 351,2 357,3 525,1 358,2 542,1 1,2
438,2 342,1 341,2 359,2 358,2 361,1 366,1 1,2
438,2 361,1 353,1 354,3 357,2 362,1 364,1 1,2
438,2 340,3 359,2 357,3 429,1 525,1 358,2 1,2
438,2 342,1 525,1 424,3 351,1 357,3 426,1 1,2
438,2 342,1 525,2 424,1 351,1 357,3 426,1 1,2
438,2 340,3 341,2 357,3 358,2 525,2 542,1 1,2
438,2 361,2 357,3 429,1 351,2 358,2 542,1 1,2
438,2 361,1 353,3 354,3 357,2 362,1 364,1 9,18
438,2 361,1 353,3 354,3 359,1 358,2 360,2 1,2
438,2 342,1 359,1 361,1 362,1 426,3 0,0 1,2
438,2 342,1 362,1 445,1 351,2 366,1 0,0 1,2
438,2 361,2 341,2 351,2 357,3 525,1 427,1 1,2
438,2 361,2 354,3 357,3 138,3 445,1 366,1 1,2
438,2 361,1 354,2 357,3 138,1 353,3 362,1 2,4
438,2 361,1 354,1 525,1 138,1 351,2 357,1 1,2
438,2 361,1 357,3 358,2 359,1 360,1 0,0 1,2
438,2 361,1 354,2 357,2 138,1 353,3 362,1 1,2
438,2 361,1 357,3 358,1 359,1 360,2 0,0 1,2
438,2 361,1 353,3 359,2 525,1 360,1 358,1 1,2
438,2 361,2 353,1 351,1 341,2 359,1 360,1 1,2
438,2 342,1 357,3 426,3 351,2 458,1 358,2 1,2
438,2 361,1 542,2 359,1 358,2 525,2 357,2 2,4
438,2 361,2 448,1 341,2 359,2 357,3 351,2 2,4
438,1 342,1 353,1 354,1 357,1 351,1 358,1 1,2
438,2 361,1 542,2 359,2 525,2 195,1 358,1 1,2
438,2 361,2 542,1 357,3 359,2 525,2 358,2 1,2
438,2 361,1 542,1 359,2 525,1 360,1 353,1 1,2
438,2 361,1 354,3 458,2 138,3 357,3 351,1 1,2
438,2 361,2 359,1 141,1 525,1 358,1 357,1 1,2
438,1 361,1 357,1 359,1 542,1 525,1 358,1 2,4
438,2 361,2 354,3 357,3 362,1 351,2 366,1 1,2
438,1 361,1 354,1 357,1 138,1 525,1 351,1 1,2
438,2 342,1 341,2 359,2 351,2 362,1 0,0 4,8
553,1 361,1 341,1 359,2 357,3 351,2 353,3 1,2
438,2 353,3 354,3 357,1 445,1 351,2 458,2 1,2
438,1 527,1 361,1 136,1 356,1 424,1 423,1 1,2
553,1 361,1 341,2 359,2 357,3 351,2 353,3 1,2
145,1 543,1 544,1 527,1 0,0 0,0 0,0 3,6
438,2 361,1 542,1 359,2 525,1 360,2 353,2 3,6
438,1 361,1 354,1 357,1 356,1 362,1 0,0 24,48
438,2 361,2 354,3 525,2 357,3 138,1 351,2 1,2
553,1 361,1 341,1 359,1 357,1 351,2 353,1 1,2
438,2 366,1 361,2 341,2 357,3 351,2 362,2 3,6
438,2 366,1 361,2 141,1 357,3 359,2 360,2 1,2
553,1 361,1 341,2 359,1 357,1 351,2 353,1 1,2
438,2 361,1 542,2 359,2 525,1 360,1 353,3 2,4
553,1 361,2 355,3 357,3 359,2 351,1 353,3 3,6
438,2 361,2 542,1 359,1 525,2 360,2 353,1 1,2
438,1 342,1 341,1 359,1 358,1 357,1 353,1 1,2
438,2 361,2 542,1 359,1 525,1 360,2 353,3 2,4
438,2 361,1 542,1 359,1 525,1 360,2 353,3 17,34
438,2 361,2 542,1 359,2 525,2 360,2 353,3 20,40
438,1 342,1 542,1 341,1 359,1 525,1 427,1 30,61
438,1 361,1 542,1 359,1 525,1 358,1 357,1 313,638
438,1 361,1 359,1 341,1 525,1 138,1 357,1 26,53
438,2 361,2 542,1 359,2 525,1 360,2 353,3 23,47
438,1 342,1 354,1 138,1 357,1 351,1 364,1 19,40
438,2 361,1 353,1 359,1 525,1 360,1 358,1 9,19
438,1 361,1 357,1 542,1 523,1 0,0 0,0 9,19
438,2 361,1 353,3 354,2 359,2 360,2 358,2 9,19
438,1 361,1 542,1 357,1 359,1 525,1 351,1 8,17
438,2 361,2 354,3 357,3 351,1 362,1 0,0 7,15
438,1 361,1 458,1 357,1 138,1 351,1 525,1 7,15
438,1 361,1 542,1 359,1 525,1 429,1 358,1 21,45
438,1 361,1 356,1 141,1 359,1 525,1 357,1 7,15
438,1 342,1 366,1 256,1 357,1 351,1 426,1 6,13
438,1 342,1 353,1 357,1 458,1 359,1 351,1 6,13
438,2 361,1 353,1 359,1 525,2 360,1 358,1 6,13
438,2 361,1 542,1 359,1 525,1 360,1 353,3 6,13
438,2 361,2 542,2 359,2 525,1 360,2 353,3 12,26
438,1 342,1 138,1 141,1 357,1 366,1 362,1 10,22
438,2 361,1 542,2 359,1 358,1 525,1 357,3 5,11
438,2 246,2 354,3 458,2 359,2 364,1 357,3 5,11
438,1 361,1 354,1 525,1 141,1 138,1 357,1 48,106
438,1 542,1 342,1 359,1 424,1 525,1 358,1 9,20
438,1 361,1 341,1 359,1 525,1 357,1 138,1 26,58
438,2 361,2 353,3 351,2 341,2 359,2 360,2 30,67
438,1 361,1 341,1 359,1 525,1 358,1 458,1 21,47
438,1 361,1 353,1 525,1 358,1 359,1 360,1 16,36
438,1 361,1 359,1 358,1 141,1 525,1 357,1 7,16
438,1 361,1 351,1 354,1 357,1 362,1 0,0 7,16
438,1 361,1 542,1 359,1 358,1 525,1 195,1 7,16
438,1 542,1 342,1 341,1 359,1 525,1 427,1 13,30
438,1 361,1 195,1 359,1 141,1 525,1 358,1 12,28
438,2 361,1 357,3 362,1 359,2 341,2 366,1 3,7
145,1 361,1 355,1 141,1 357,1 360,1 0,0 21,49
438,1 361,1 458,1 341,1 525,1 359,1 358,1 6,14
548,1 544,1 542,1 525,1 543,1 527,1 0,0 3,7
438,1 542,1 342,1 341,1 357,1 525,1 0,0 8,19
438,1 361,1 354,1 362,1 357,1 141,1 0,0 5,12
438,1 361,1 354,1 357,1 542,1 362,1 0,0 5,12
438,1 361,1 139,1 359,1 525,1 358,1 541,1 7,17
438,1 361,1 354,1 357,1 138,1 366,1 445,1 13,32
438,1 361,1 354,1 138,1 357,1 341,1 351,1 2,5
438,1 361,1 426,1 525,1 359,1 358,1 360,1 6,15
438,1 361,1 426,1 138,1 359,1 357,1 360,1 2,5
438,1 361,1 354,1 357,1 542,1 351,1 358,1 2,5
438,2 353,3 361,1 357,2 364,1 354,3 362,2 2,5
438,2 361,1 353,3 359,1 525,1 360,1 358,1 2,5
438,1 361,1 426,1 341,1 359,1 360,1 358,1 2,5
438,2 361,2 359,2 351,2 357,3 525,1 542,1 4,10
438,2 361,1 353,3 354,1 357,2 362,1 364,1 4,10
438,2 361,2 359,2 448,1 357,3 525,1 358,2 2,5
438,1 361,1 542,1 141,1 359,1 525,1 357,1 2,5
438,2 361,1 542,2 359,2 525,1 360,2 353,3 17,43
438,1 361,1 341,1 359,1 525,1 358,1 429,1 104,264
438,1 361,1 357,1 141,1 354,1 362,1 0,0 11,28
438,1 361,1 341,1 458,1 359,1 525,1 358,1 9,23
438,1 361,1 195,1 359,1 525,1 358,1 141,1 16,41
438,1 361,1 424,1 525,1 359,1 357,1 358,1 5,13
438,1 361,1 426,1 525,1 359,1 360,1 358,1 30,78
438,2 361,1 353,3 354,3 359,2 360,2 358,2 56,147
438,1 361,1 354,1 357,1 362,1 351,1 0,0 3,8
438,1 361,1 341,1 359,1 357,1 358,1 351,1 3,8
438,1 361,1 354,1 359,1 358,1 360,1 353,1 6,16
438,2 361,1 354,3 458,2 138,3 357,3 351,2 3,8
438,1 353,1 354,1 357,1 351,1 445,1 458,1 4,11
438,1 361,1 353,1 354,1 357,1 362,1 364,1 5,14
438,2 361,1 542,2 359,1 525,2 195,1 358,1 5,14
438,2 361,1 353,3 351,1 341,2 359,2 360,2 6,17
438,1 361,1 542,1 359,1 525,1 360,1 136,1 10,29
438,1 361,1 354,1 525,1 357,1 141,1 138,1 52,152
438,1 190,1 191,1 196,1 360,1 427,1 0,0 1,3
438,2 361,2 542,2 359,1 525,1 360,2 353,3 1,3
438,1 542,1 342,1 359,1 525,1 357,1 353,1 1,3
438,1 361,1 359,1 424,1 141,1 525,1 357,1 3,9
438,2 361,2 354,3 357,3 356,3 362,1 0,0 1,3
438,2 340,3 355,3 354,3 341,2 458,2 359,2 4,12
438,2 246,3 354,3 458,2 359,2 364,1 357,3 1,3
438,2 361,1 353,3 351,2 341,2 359,2 360,1 1,3
438,1 361,1 139,1 359,1 525,1 194,1 141,1 3,9
438,1 361,1 341,1 359,1 525,1 358,1 139,1 2,6
438,2 361,1 542,1 357,3 359,1 525,2 358,2 1,3
438,2 361,1 354,3 357,1 138,1 353,3 362,1 2,6
548,1 544,1 542,1 543,1 527,1 0,0 0,0 2,6
438,2 361,1 341,2 359,1 351,2 358,1 357,3 1,3
438,2 342,1 359,2 458,2 362,2 351,2 366,1 1,3
438,2 361,1 353,1 354,1 357,2 362,1 364,1 1,3
438,2 340,3 355,2 354,3 359,2 458,2 341,2 1,3
438,2 361,2 341,2 357,3 351,2 525,1 427,1 1,3
438,2 361,2 359,2 357,3 525,1 542,1 358,2 1,3
438,2 342,1 542,2 341,2 359,2 525,1 427,1 1,3
438,1 361,1 341,1 357,1 351,1 358,1 359,1 2,6
438,2 340,3 355,3 356,1 354,3 458,2 341,2 1,3
438,1 353,1 542,1 543,1 453,1 527,1 359,1 1,3
145,1 527,1 544,1 525,1 526,1 351,1 0,0 1,3
438,1 361,1 359,1 542,1 141,1 525,1 357,1 2,6
438,1 361,1 354,1 357,1 362,1 0,0 0,0 2,6
438,1 361,1 194,1 341,1 359,1 525,1 358,1 4,12
438,2 361,1 341,2 359,2 351,2 358,1 357,3 1,3
438,1 342,1 341,1 359,1 351,1 362,1 366,1 1,3
438,1 361,1 354,1 359,1 525,1 194,1 141,1 1,3
438,1 361,1 195,1 359,1 358,1 525,1 141,1 1,3
438,1 361,1 195,1 359,1 141,1 525,1 424,1 1,3
438,2 525,1 542,1 361,1 357,2 359,2 358,2 2,6
438,2 525,1 542,1 361,1 357,2 359,1 358,2 2,6
438,2 361,1 341,2 359,1 525,1 358,1 429,1 1,3
438,2 340,3 365,1 458,2 351,2 358,2 366,1 1,3
438,2 340,3 355,3 356,3 354,1 458,2 341,1 1,3
438,2 525,2 542,2 361,1 357,2 359,2 358,2 1,3
438,1 342,1 357,1 426,1 351,1 458,1 358,1 1,3
438,2 361,2 353,1 351,1 341,2 359,1 360,2 1,3
438,2 361,1 354,1 357,3 138,1 353,3 362,1 1,3
438,2 361,1 542,2 359,2 358,1 525,1 357,3 1,3
438,2 361,2 426,3 354,3 357,3 445,1 0,0 1,3
438,1 361,1 354,1 357,1 138,1 445,1 0,0 4,12
438,1 361,1 354,1 357,1 359,1 358,1 141,1 1,3
438,1 361,1 542,1 357,1 141,1 525,1 358,1 1,3
438,1 361,1 425,1 353,1 141,1 138,1 357,1 22,67
438,1 361,1 353,1 359,1 525,1 360,1 358,1 21,64
438,1 361,1 353,1 525,1 359,1 358,1 360,1 12,37
438,1 361,1 341,1 359,1 525,1 358,1 194,1 12,37
438,2 361,1 353,3 354,3 359,2 360,1 358,2 15,47
438,1 361,1 194,1 359,1 525,1 429,1 358,1 6,19
438,1 342,1 138,1 357,1 362,1 366,1 141,1 5,16
438,2 361,1 354,3 351,1 357,3 362,1 366,1 5,16
438,1 361,1 354,1 351,1 357,1 362,1 366,1 4,13
438,1 342,1 542,1 357,1 359,1 525,1 426,1 4,13
438,1 361,1 353,1 354,1 359,1 358,1 360,1 4,13
438,2 361,1 542,2 359,1 525,2 195,1 358,2 3,10
438,1 525,1 542,1 361,1 359,1 360,1 353,1 3,10
438,2 340,3 355,3 354,3 359,2 458,2 341,2 6,20
438,1 361,1 458,1 194,1 359,1 525,1 358,1 3,10
438,1 342,1 353,1 341,1 357,1 361,1 0,0 5,17
438,2 361,1 542,2 359,1 525,1 360,1 353,1 2,7
438,2 361,2 357,3 341,2 358,2 525,1 427,1 2,7
438,1 361,1 354,1 357,1 351,1 362,1 0,0 8,29
438,1 361,1 341,1 359,1 525,1 429,1 358,1 27,98
145,1 140,1 361,1 357,1 359,1 141,1 426,1 3,11
438,1 361,1 425,1 426,1 359,1 360,1 0,0 3,11
438,1 361,1 354,1 141,1 357,1 362,1 0,0 4,15
438,2 246,2 354,3 458,2 359,1 364,1 357,3 8,31
438,1 361,1 353,1 359,1 138,1 357,1 360,1 1,4
438,2 361,1 542,1 359,1 525,1 195,1 358,1 1,4
438,2 361,1 353,2 354,3 359,2 360,2 358,2 1,4
438,1 361,1 194,1 359,1 358,1 525,1 429,1 3,12
145,1 527,1 542,1 525,1 544,1 526,1 0,0 1,4
553,1 361,1 354,1 138,1 357,1 525,1 426,1 1,4
438,2 342,1 138,1 357,2 362,1 366,1 141,1 1,4
438,2 361,1 425,1 426,1 141,1 138,1 357,1 1,4
438,2 342,1 360,2 357,2 458,2 366,1 0,0 1,4
438,1 361,1 448,1 341,1 359,1 357,1 351,1 1,4
438,1 361,1 354,1 359,1 360,1 448,1 426,1 1,4
145,1 543,1 526,1 527,1 453,1 0,0 0,0 1,4
438,2 361,1 341,2 359,2 351,2 358,2 357,3 1,4
438,1 525,1 542,1 342,1 357,1 359,1 426,1 1,4
145,1 527,1 544,1 526,1 453,1 0,0 0,0 1,4
438,1 361,1 353,1 525,1 357,1 362,1 364,1 1,4
438,2 361,2 366,1 354,3 359,2 362,2 357,3 1,4
438,2 361,2 354,3 359,2 357,3 362,2 366,1 1,4
438,2 361,1 353,3 351,2 341,2 359,2 360,2 7,31
438,1 361,1 353,1 354,1 359,1 360,1 358,1 4,18
438,1 361,1 353,1 354,1 357,1 445,1 136,1 2,9
438,1 361,1 354,1 138,1 141,1 357,1 139,1 7,34
438,2 361,1 542,1 359,1 525,2 195,1 358,1 1,5
438,2 342,1 357,3 341,2 359,2 351,2 366,1 1,5
438,1 353,1 354,1 357,1 445,1 351,1 458,1 1,5
438,1 361,1 354,1 135,1 138,1 141,1 357,1 1,5
438,1 361,1 353,1 354,1 138,1 357,1 192,1 1,5
438,2 340,3 355,1 356,3 354,3 458,2 341,2 1,5
438,2 525,2 542,1 361,1 357,3 359,2 358,2 1,5
145,1 543,1 542,1 527,1 526,1 453,1 0,0 1,5
145,1 543,1 544,1 527,1 526,1 351,1 0,0 1,5
438,1 361,1 357,1 351,1 341,1 358,1 282,1 3,16
438,1 361,1 353,1 351,1 341,1 359,1 360,1 4,24
438,1 361,1 353,1 354,1 358,1 359,1 360,1 1,6
438,2 342,1 341,2 359,1 358,2 361,2 366,1 1,6
145,1 543,1 544,1 527,1 453,1 0,0 0,0 1,6
438,2 525,1 542,1 361,1 357,1 359,1 358,1 1,6
438,1 190,1 136,1 357,1 138,1 429,1 525,1 1,7
438,1 361,1 424,1 351,1 357,1 525,1 358,1 1,7
438,1 525,1 542,1 361,1 357,1 359,1 358,1 68,516
548,1 544,1 543,1 527,1 0,0 0,0 0,0 1,8
438,2 361,2 341,2 357,3 525,1 358,2 427,1 1,8
548,1 351,1 543,1 453,1 527,1 0,0 0,0 1,9
438,2 340,3 355,1 356,1 354,1 458,2 341,2 1,13
438,2 340,3 355,3 356,3 354,3 458,2 341,2 2,34
438,1 361,1 354,1 357,1 358,1 359,1 141,1 0,1
438,2 525,1 542,2 361,1 357,2 359,2 358,1 0,1
438,2 525,1 542,1 361,1 357,3 359,1 358,1 0,2
499,2 361,1 357,3 341,3 356,3 358,1 353,3 0,2
438,1 361,1 354,1 359,1 358,1 141,1 357,1 0,1
438,2 342,1 341,2 359,1 351,1 362,1 0,0 0,1
438,1 137,1 361,1 191,1 360,1 139,1 0,0 0,2
145,1 354,1 355,1 192,1 426,1 0,0 0,0 0,1
438,2 361,2 273,1 458,1 357,3 525,1 358,2 0,1
438,2 525,1 542,1 361,1 357,2 359,1 358,1 0,5
438,1 361,1 242,1 353,1 357,1 351,1 0,0 0,1
438,1 140,1 362,1 357,1 351,1 359,1 0,0 0,1
438,2 525,1 542,2 361,1 357,3 359,1 358,1 0,2
438,2 525,1 542,2 361,1 357,1 359,1 358,1 0,1
438,2 525,2 542,2 361,1 357,2 359,1 358,2 0,2
438,2 354,3 357,3 359,2 351,2 423,1 358,2 0,1
438,1 356,1 527,1 141,1 525,1 358,1 542,1 0,2
438,2 340,3 357,3 341,2 351,2 525,2 542,1 0,1
145,1 361,1 341,1 458,1 362,1 357,1 366,1 0,1
438,2 361,2 357,3 359,2 430,1 351,2 426,3 0,1
438,2 525,1 542,1 361,1 357,1 359,1 358,2 0,3
438,1 140,1 425,1 424,1 357,1 138,1 0,0 0,1
438,2 525,1 542,2 361,1 357,3 359,1 358,2 0,2
438,2 525,1 542,2 361,1 357,1 359,1 358,2 0,1
438,2 525,2 542,1 361,1 357,2 359,2 358,2 0,14
438,2 361,2 354,3 359,2 362,1 357,3 366,1 0,1
438,2 361,2 366,1 341,2 357,3 359,2 362,1 0,1
438,2 525,1 542,2 361,1 357,2 359,1 358,2 0,2
438,2 525,1 542,2 361,1 357,2 359,2 358,2 0,1
438,2 361,2 357,3 359,2 448,1 352,1 358,2 0,1
438,1 428,1 136,1 354,1 359,1 194,1 139,1 0,1
438,2 361,2 357,3 341,2 351,2 359,2 542,1 0,1
438,2 525,2 542,1 361,1 357,3 359,1 358,1 0,1
438,2 525,2 542,1 361,1 357,1 359,1 358,1 0,1
145,1 140,1 0,0 0,0 0,0 0,0 0,0 0,58
438,2 453,3 355,3 354,3 341,2 458,2 358,2 0,1
438,1 425,1 136,1 190,1 426,1 194,1 542,1 0,1
438,2 525,2 542,2 361,1 357,3 359,2 358,2 0,1
438,1 361,1 140,1 138,1 357,1 424,1 426,1 0,6
438,1 425,1 136,1 353,1 357,1 192,1 139,1 0,1
438,2 361,2 357,3 458,1 525,1 358,2 427,1 0,1
438,1 342,1 542,1 359,1 525,1 358,1 424,1 0,4
438,2 361,2 341,2 448,1 359,2 357,3 351,2 0,1
438,2 361,1 356,1 341,2 359,1 357,3 351,2 0,1
438,2 361,2 357,3 359,2 341,2 448,1 351,2 0,1
438,1 425,1 361,1 357,1 426,1 195,1 0,0 0,2
438,1 353,1 136,1 425,1 190,1 355,1 358,1 0,2
438,1 361,1 353,1 458,1 341,1 357,1 351,1 0,1
438,2 361,2 357,3 341,2 427,2 525,1 358,2 0,1
438,2 525,1 542,1 361,1 357,2 359,2 358,1 0,1
438,1 356,1 361,1 353,1 140,1 359,1 427,1 0,3
438,2 361,2 138,1 354,2 357,3 341,2 359,2 0,1
438,1 136,1 357,1 138,1 193,1 359,1 139,1 0,3
438,1 527,1 429,1 194,1 141,1 542,1 543,1 0,1
438,1 361,1 354,1 357,1 542,1 138,1 351,1 0,2
438,1 355,1 357,1 354,1 458,1 359,1 341,1 0,1
438,2 542,1 342,1 359,2 357,3 525,1 426,1 0,1
438,1 140,1 355,1 542,1 358,1 543,1 0,0 0,1
438,2 361,1 542,2 359,2 358,2 525,1 357,1 0,1
438,1 361,1 542,1 359,1 525,1 423,1 364,1 0,2
438,1 526,1 428,1 356,1 424,1 543,1 0,0 0,2
438,2 426,3 425,3 351,2 424,3 0,0 0,0 0,2
438,2 340,3 357,3 429,1 458,1 359,2 351,2 0,1
438,1 361,1 354,1 138,1 357,1 458,1 351,1 0,3
438,1 361,1 139,1 359,1 525,1 429,1 358,1 0,3
438,2 361,2 429,1 359,2 351,2 357,3 542,1 0,1
438,2 542,1 342,1 359,1 357,1 525,1 426,3 0,1
438,2 542,1 342,1 359,2 357,2 525,1 426,1 0,1
438,1 140,1 544,1 526,1 428,1 0,0 0,0 0,1
438,1 361,1 356,1 357,1 359,1 360,1 0,0 0,2
438,1 356,1 353,1 195,1 543,1 525,1 542,1 0,1
438,2 361,1 341,2 357,3 351,2 358,1 359,1 0,1
438,2 340,3 426,3 359,2 357,3 358,2 350,2 0,1
145,1 544,1 526,1 351,1 453,1 0,0 0,0 0,3
438,2 349,3 357,3 448,1 341,2 351,2 542,1 0,1
438,2 525,1 542,1 361,1 357,1 359,2 358,2 0,1
438,1 342,1 525,1 424,1 351,1 357,1 426,1 0,2
438,1 342,1 542,1 357,1 351,1 525,1 426,1 0,1
438,2 542,1 342,1 359,2 357,1 525,1 426,1 0,2
438,2 525,2 542,1 361,1 357,1 359,1 358,2 0,1
438,2 542,1 342,1 359,1 357,1 525,1 426,2 0,1
438,1 355,1 357,1 354,1 458,1 341,1 359,1 0,4
438,1 453,1 355,1 354,1 458,1 359,1 341,1 0,1
438,1 361,1 354,1 359,1 360,1 135,1 353,1 0,1
438,2 361,2 357,2 359,2 358,2 525,2 542,1 0,1
438,2 349,3 458,1 351,2 448,1 357,3 542,1 0,1
438,1 190,1 527,1 526,1 354,1 358,1 0,0 0,1
438,1 361,1 341,1 359,1 525,1 358,1 196,1 0,2
438,2 342,1 355,1 341,2 359,1 357,1 0,0 0,1
145,1 527,1 544,1 525,1 453,1 0,0 0,0 0,1
438,1 137,1 356,1 357,1 354,1 359,1 358,1 0,5
438,2 342,1 341,2 359,1 351,2 362,1 0,0 0,2
145,2 246,2 138,3 141,2 357,1 360,1 364,1 0,1
438,2 361,2 357,3 351,2 359,2 525,2 542,2 0,1
438,1 361,1 541,1 359,1 525,1 358,1 139,1 0,1
145,1 424,1 357,1 542,1 526,1 136,1 0,0 0,1
438,2 342,1 476,1 359,2 360,2 366,1 0,0 0,5
438,1 527,1 526,1 361,1 193,1 357,1 0,0 0,1
438,1 544,1 137,1 527,1 195,1 360,1 0,0 0,1
145,1 354,1 355,1 427,1 135,1 357,1 426,1 0,2
438,1 544,1 190,1 359,1 196,1 542,1 0,0 0,1
438,2 361,1 542,1 359,1 358,1 525,1 357,1 0,2
258,2 361,1 458,2 362,2 357,3 525,2 366,1 0,1
438,1 361,1 357,1 359,1 351,1 525,1 358,1 0,2
438,1 361,1 542,1 523,1 426,1 136,1 141,1 0,1
438,2 361,2 357,3 448,1 358,2 542,1 525,1 0,1
438,1 361,1 341,1 359,1 351,1 358,1 357,1 0,6
438,2 361,2 357,3 429,1 351,2 525,1 427,2 0,1
438,1 361,1 354,1 359,1 525,1 358,1 139,1 0,2
438,2 361,1 356,3 341,2 359,2 357,3 351,2 0,1
438,1 361,1 428,1 426,1 360,1 423,1 0,0 0,1
438,1 361,1 353,1 359,1 360,1 355,1 141,1 0,1
438,2 361,1 542,2 359,1 358,1 525,1 357,1 0,2
438,1 340,1 355,1 354,1 458,1 359,1 341,1 0,1
438,1 544,1 136,1 360,1 423,1 525,1 0,0 0,2
438,1 361,1 357,1 359,1 360,1 364,1 0,0 0,1
438,2 361,1 542,1 359,1 525,1 358,2 195,1 0,1
438,1 361,1 542,1 359,1 525,1 360,1 426,1 0,1
438,1 361,1 524,1 359,1 525,1 141,1 138,1 0,1
438,2 361,2 426,3 525,1 359,2 358,2 360,2 0,1
438,1 526,1 544,1 193,1 195,1 427,1 0,0 0,1
438,2 361,2 357,3 359,2 351,2 350,2 0,0 0,1
438,2 340,3 355,1 354,3 359,2 458,2 341,2 0,7
438,2 361,2 351,2 357,3 429,1 359,2 542,1 0,1
438,2 361,2 359,2 357,3 351,2 341,2 448,1 0,1
258,2 285,3 294,2 366,1 496,1 237,1 353,3 0,1
438,1 136,1 544,1 356,1 357,1 354,1 359,1 0,3
438,1 361,1 354,1 357,1 542,1 359,1 351,1 0,4
438,1 527,1 136,1 354,1 429,1 543,1 195,1 0,2
438,1 356,1 140,1 353,1 527,1 355,1 360,1 0,5
438,2 361,2 357,3 351,2 359,2 350,2 0,0 0,1
438,2 361,2 357,3 351,2 359,2 358,2 525,2 0,1
438,1 526,1 356,1 136,1 191,1 135,1 543,1 0,1
438,2 361,2 359,2 357,3 341,2 351,2 542,1 0,1
438,2 361,2 341,2 359,1 351,2 357,3 542,1 0,1
438,1 361,1 366,1 445,1 359,1 364,1 362,1 0,1
438,2 361,2 357,3 458,1 359,2 341,1 427,2 0,1
438,1 361,1 354,1 357,1 362,1 141,1 366,1 0,1
438,1 361,1 542,1 427,1 359,1 358,1 360,1 0,1
553,1 361,1 448,1 504,1 363,1 0,0 0,0 0,1
438,1 361,1 341,1 541,1 358,1 525,1 141,1 0,1
438,1 526,1 544,1 426,1 429,1 359,1 358,1 0,1
438,1 361,1 357,1 360,1 138,1 354,1 0,0 0,1
438,2 361,2 359,2 357,3 358,2 525,1 542,1 0,1
438,1 361,1 341,1 359,1 358,1 458,1 525,1 0,1
438,1 527,1 428,1 356,1 355,1 193,1 543,1 0,3
145,1 342,1 359,1 245,1 364,1 362,1 0,0 0,1
438,1 544,1 527,1 357,1 193,1 429,1 358,1 0,1
438,1 361,1 198,1 359,1 358,1 525,1 141,1 0,1
438,2 542,1 342,1 341,2 357,2 525,2 0,0 0,1
438,1 361,1 357,1 430,1 358,1 458,1 0,0 0,4
438,2 342,1 542,1 341,1 359,1 525,1 427,2 0,1
438,1 361,1 359,1 357,1 525,1 542,1 358,1 0,3
553,1 361,1 341,2 359,2 357,3 351,2 353,1 0,2
438,1 353,1 140,1 355,1 357,1 426,1 423,1 0,1
438,1 361,1 353,1 341,1 359,1 351,1 360,1 0,1
438,2 340,3 458,1 357,3 525,1 358,2 542,1 0,3
438,2 340,3 355,3 356,3 354,1 458,1 341,2 0,1
438,1 361,1 354,1 542,1 362,1 357,1 0,0 0,1
438,2 340,3 355,3 354,1 341,1 458,2 359,2 0,1
438,1 428,1 361,1 357,1 426,1 354,1 359,1 0,2
438,1 361,1 353,1 357,1 458,1 341,1 525,1 0,1
438,1 428,1 190,1 357,1 426,1 423,1 0,0 0,1
438,2 340,3 355,1 356,2 354,3 458,2 341,1 0,1
438,2 361,1 354,2 448,1 357,2 362,1 0,0 0,1
438,1 361,1 458,1 341,1 359,1 525,1 358,1 0,1
438,1 544,1 136,1 190,1 191,1 426,1 525,1 0,2
438,2 361,1 341,2 359,2 525,2 358,2 429,2 0,1
258,1 361,1 354,1 525,1 357,1 138,1 351,1 0,1
438,1 428,1 527,1 544,1 191,1 138,1 354,1 0,1
438,1 140,1 361,1 359,1 358,1 357,1 0,0 0,1
438,2 525,2 542,1 361,1 357,2 359,2 358,1 0,7
438,2 349,3 458,1 357,3 351,2 359,2 542,1 0,1
438,2 340,3 357,3 429,1 458,1 351,2 542,1 0,1
438,2 361,2 458,1 351,2 357,3 525,1 427,1 0,2
438,1 361,1 354,1 138,1 357,1 362,1 136,1 0,1
438,1 544,1 361,1 136,1 357,1 423,1 0,0 0,1
438,2 525,2 542,1 361,1 357,3 359,2 358,1 0,2
438,1 136,1 353,1 428,1 361,1 190,1 139,1 0,1
548,1 361,1 426,1 341,1 358,1 323,1 357,1 0,1
438,2 361,1 542,1 357,3 359,1 525,1 358,2 0,2
438,2 361,1 354,3 362,2 357,3 141,1 0,0 0,1
438,2 340,3 357,3 458,1 359,2 525,1 358,2 0,2
438,2 361,2 341,1 359,2 351,2 358,2 357,3 0,1
438,1 190,1 425,1 353,1 527,1 357,1 426,1 0,1
438,2 361,1 355,3 357,3 364,1 341,2 448,1 0,1
438,2 340,3 448,1 458,1 357,3 525,1 358,2 0,1
438,1 428,1 361,1 191,1 541,1 359,1 429,1 0,4
438,2 342,1 525,2 424,1 351,1 357,3 426,3 0,1
438,2 361,1 341,2 237,1 357,3 351,2 352,1 0,1
438,2 342,1 542,2 357,1 359,2 525,2 426,1 0,1
438,1 365,1 458,1 525,1 138,1 357,1 0,0 0,1
438,2 361,2 357,3 458,2 358,2 362,1 0,0 0,1
438,1 342,1 445,1 362,1 0,0 0,0 0,0 0,1
438,1 361,1 194,1 341,1 525,1 359,1 358,1 0,1
438,2 361,2 359,2 448,1 341,2 357,3 358,2 0,1
438,2 340,3 355,3 354,3 359,2 458,2 341,1 0,2
438,1 527,1 361,1 138,1 357,1 141,1 423,1 0,1
438,1 361,1 341,1 359,1 458,1 525,1 358,1 0,1
438,1 353,1 137,1 361,1 359,1 543,1 542,1 0,1
438,1 361,1 138,1 141,1 357,1 362,1 427,1 0,8
438,2 361,2 357,3 448,1 359,2 351,2 525,2 0,1
438,2 361,2 354,1 359,1 357,1 362,1 366,1 0,1
438,2 340,3 355,2 356,3 354,3 458,2 341,2 0,4
438,1 526,1 527,1 361,1 424,1 359,1 358,1 0,1
438,2 342,1 542,2 341,2 359,1 525,1 427,1 0,2
438,2 340,3 355,1 356,1 354,3 458,2 341,2 0,12
438,2 361,1 357,2 360,2 358,1 359,1 0,0 0,1
438,2 342,1 542,1 341,1 359,1 525,1 427,1 0,1
438,1 353,1 137,1 428,1 355,1 354,1 543,1 0,2
438,2 361,2 341,2 359,1 351,1 358,1 357,3 0,1
438,2 340,3 355,3 356,3 354,3 458,1 341,2 0,4
438,2 340,3 357,3 458,1 351,2 525,1 542,1 0,1
438,2 340,3 355,1 356,1 354,1 458,2 341,1 0,1
438,2 361,2 426,1 525,1 359,2 358,2 360,2 0,1
438,1 342,1 357,1 364,1 358,1 427,1 458,1 0,4
438,2 340,3 355,3 356,1 354,1 458,2 341,2 0,1
438,2 342,1 357,1 351,1 138,1 141,1 358,1 0,1
438,2 361,2 426,3 357,3 242,1 351,1 366,1 0,1
438,1 136,1 526,1 137,1 355,1 542,1 195,1 0,1
438,2 340,3 351,2 430,1 359,2 341,2 358,2 0,1
438,2 361,1 341,2 359,1 525,2 358,1 429,1 0,1
438,1 136,1 544,1 190,1 527,1 135,1 424,1 0,1
438,2 361,1 341,1 359,1 525,2 358,1 429,1 0,1
438,2 340,3 357,3 359,2 426,3 358,2 350,2 0,1
438,2 342,1 354,3 341,2 359,2 357,3 0,0 0,1
553,1 361,2 351,1 427,1 525,2 364,1 357,3 0,1
438,2 361,2 353,1 354,3 357,1 362,1 364,1 0,1
438,1 190,1 353,1 544,1 354,1 426,1 358,1 0,1
438,2 525,2 542,1 361,1 357,1 359,2 358,2 0,2
438,2 361,1 362,1 357,3 351,2 354,2 0,0 0,1
438,2 361,2 359,2 341,2 448,1 357,3 351,2 0,2
438,2 342,1 366,1 357,3 362,1 138,3 141,2 0,1
438,2 361,2 458,1 357,3 427,1 525,1 358,2 0,1
438,1 353,1 136,1 527,1 425,1 192,1 525,1 0,1
438,2 361,2 353,3 351,1 341,2 359,2 360,2 0,8
438,1 527,1 428,1 355,1 357,1 194,1 429,1 0,2
438,2 361,2 353,3 359,2 525,1 360,2 358,1 0,1
438,1 190,1 361,1 194,1 427,1 525,1 0,0 0,3
438,2 361,1 353,3 525,2 359,1 358,1 360,1 0,3
438,1 340,1 353,1 354,1 357,1 360,1 364,1 0,3
438,2 361,1 542,1 359,1 358,2 525,2 357,1 0,1
438,2 340,3 341,2 351,2 357,3 525,1 358,2 0,1
438,2 361,2 357,3 351,2 424,1 525,2 358,2 0,3
145,1 354,1 353,1 191,1 524,1 139,1 527,1 0,1
438,1 361,1 190,1 426,1 141,1 423,1 0,0 0,1
438,2 340,3 355,2 356,1 354,3 458,1 341,1 0,1
438,2 361,1 195,1 359,1 141,1 525,1 358,2 0,1
438,2 340,3 355,3 354,1 341,2 458,2 359,2 0,1
438,1 527,1 190,1 355,1 194,1 542,1 427,1 0,1
438,2 361,2 354,3 356,3 362,1 357,3 0,0 0,1
438,2 361,2 359,1 141,1 525,1 358,1 357,2 0,2
438,2 361,1 341,2 359,2 525,1 358,2 429,2 0,1
438,2 353,3 361,2 425,1 141,1 138,1 357,1 0,2
438,1 353,1 424,1 354,1 194,1 429,1 358,1 0,1
438,2 361,2 359,2 448,1 341,2 357,3 351,2 0,1
438,1 356,1 361,1 353,1 526,1 141,1 429,1 0,3
438,1 527,1 526,1 425,1 136,1 193,1 141,1 0,1
438,2 361,2 341,2 351,2 448,1 357,3 359,2 0,1
438,2 361,2 366,1 362,2 357,3 525,2 351,2 0,2
438,2 340,3 355,3 356,3 354,3 458,1 341,1 0,5
438,2 340,3 357,3 429,1 525,1 358,2 542,1 0,1
438,1 361,1 359,1 141,1 341,1 357,1 358,1 0,1
438,2 340,3 355,1 356,3 354,3 458,2 341,1 0,1
438,1 342,1 366,1 364,1 357,1 351,1 361,1 0,1
438,2 361,2 359,2 141,2 525,1 358,2 357,3 0,1
438,2 361,1 542,1 359,1 358,1 525,2 357,1 0,3
438,2 340,3 426,3 430,1 351,2 357,3 525,1 0,1
438,1 361,1 357,1 458,1 359,1 525,1 427,1 0,1
438,2 361,2 341,2 458,2 359,2 524,1 426,3 0,1
438,2 361,1 341,1 359,1 525,1 358,2 429,1 0,1
438,1 361,1 353,1 424,1 358,1 543,1 542,1 0,1
438,2 342,1 341,2 359,1 351,2 362,1 366,1 0,2
438,2 361,2 359,2 351,2 357,3 448,1 525,2 0,1
438,2 353,2 354,3 357,3 351,2 445,1 458,1 0,1
438,2 340,3 355,1 356,1 354,1 458,1 341,1 0,2
438,2 361,1 341,1 359,1 458,1 543,3 0,0 0,1
438,1 136,1 191,1 138,1 543,1 139,1 525,1 0,1
438,1 140,1 429,1 359,1 194,1 356,1 138,1 0,1
438,2 342,1 341,2 359,1 358,1 357,1 353,1 0,4
438,2 361,1 542,2 357,3 359,1 525,1 358,2 0,1
438,2 361,2 542,2 359,1 358,2 525,2 357,3 0,1
438,2 342,1 357,3 341,2 360,1 0,0 0,0 0,1
438,1 361,1 356,1 135,1 138,1 192,1 427,1 0,2
438,1 527,1 136,1 191,1 359,1 525,1 195,1 0,1
438,2 342,1 341,2 359,1 358,2 357,1 353,1 0,1
438,2 361,1 353,1 351,1 341,2 359,1 360,2 0,1
438,2 340,3 355,3 356,3 354,3 458,2 341,1 0,6
438,2 361,2 351,2 357,3 448,1 458,1 542,1 0,1
438,1 361,1 357,1 359,1 358,1 138,1 195,1 0,4
438,2 361,1 353,1 351,2 341,1 359,2 360,2 0,2
438,1 361,1 351,1 341,1 357,1 359,1 542,1 0,2
438,2 340,3 524,1 557,1 245,2 0,0 0,0 0,1
438,2 525,2 542,2 361,1 357,2 359,2 358,1 0,3
438,2 361,2 357,3 477,1 430,1 366,1 0,0 0,1
438,1 140,1 353,1 527,1 193,1 192,1 525,1 0,1
438,2 366,1 361,2 341,1 357,3 351,1 362,1 0,1
438,1 342,1 341,1 359,1 351,1 362,1 0,0 0,1
438,2 361,1 354,1 141,1 138,1 341,2 357,1 0,1
438,2 340,3 357,3 429,1 359,2 358,2 525,1 0,1
438,1 361,1 357,1 351,1 138,1 341,1 525,1 0,1
438,1 361,1 364,1 359,1 357,1 360,1 0,0 0,1
438,2 361,1 356,3 427,1 359,2 358,1 360,1 0,1
438,2 361,2 477,2 357,3 359,2 364,2 353,3 0,1
438,2 361,1 341,1 359,1 525,1 358,1 429,1 0,1
438,1 361,1 351,1 360,1 359,1 427,1 358,1 0,1
438,2 340,3 355,1 356,1 354,1 458,1 341,2 0,2
145,1 354,1 341,1 458,1 357,1 527,1 426,1 0,2
438,2 366,1 342,1 458,2 357,3 525,2 351,2 0,1
438,1 425,1 353,1 526,1 426,1 525,1 427,1 0,1
438,1 527,1 136,1 137,1 359,1 543,1 192,1 0,1
438,2 361,2 357,3 351,2 458,1 525,1 427,1 0,1
438,2 342,1 341,2 359,2 358,2 361,2 366,1 0,1
438,1 361,1 354,1 357,1 141,1 351,1 358,1 0,1
438,2 361,1 354,3 357,3 359,2 358,1 141,1 0,1
438,1 361,1 341,1 525,1 358,1 360,1 0,0 0,1
438,2 361,1 354,3 141,1 138,1 341,2 357,2 0,1
438,2 361,2 366,1 351,2 357,3 525,2 362,1 0,1
438,2 361,1 357,3 358,1 359,1 360,1 0,0 0,1
438,1 361,1 138,1 357,1 359,1 141,1 424,1 0,1
438,2 361,2 359,1 141,1 525,2 358,1 357,2 0,1
438,1 425,1 527,1 355,1 357,1 426,1 196,1 0,1
438,2 361,2 351,2 424,1 357,3 525,1 358,2 0,2
438,2 361,1 353,1 351,1 341,2 359,1 360,1 0,3
438,1 138,1 353,1 354,1 357,1 361,1 362,1 0,1
438,2 340,3 355,2 356,3 354,3 458,1 341,1 0,2
438,1 361,1 354,1 138,1 357,1 192,1 426,1 0,1
438,2 361,1 354,1 357,1 542,1 359,1 351,2 0,1
438,2 361,1 357,3 359,2 428,2 362,1 0,0 0,1
145,1 342,1 542,1 341,1 458,1 357,1 426,1 0,1
438,2 361,2 448,1 357,3 525,2 358,2 542,2 0,1
145,2 361,2 354,3 351,2 138,3 357,3 139,2 0,1
438,2 340,3 341,2 351,2 357,3 525,1 542,1 0,2
438,1 361,1 357,1 354,1 359,1 141,1 351,1 0,1
145,1 342,1 341,1 358,1 359,1 357,1 427,1 0,1
553,1 542,1 361,1 353,3 359,1 525,1 357,3 0,1
438,1 353,1 361,1 525,1 138,1 357,1 362,1 0,2
438,1 526,1 527,1 361,1 138,1 424,1 427,1 0,1
438,1 527,1 137,1 544,1 193,1 354,1 141,1 0,1
438,2 340,3 355,3 356,3 354,1 458,1 341,1 0,3
438,1 361,1 341,1 359,1 358,1 525,1 458,1 0,1
553,1 340,3 354,2 357,3 358,1 351,2 353,3 0,1
438,2 340,3 341,2 359,2 357,3 351,2 429,1 0,1
438,2 340,3 355,3 356,3 354,1 458,2 341,2 0,1
438,2 361,2 448,1 359,2 357,3 525,1 358,2 0,1
438,2 340,3 353,3 354,1 357,1 360,2 364,1 0,2
438,2 140,2 366,1 351,2 357,3 542,2 362,2 0,1
438,2 361,1 353,1 359,1 525,1 360,2 358,1 0,1
438,1 544,1 190,1 136,1 428,1 426,1 525,1 0,1
438,1 353,1 137,1 525,1 543,1 358,1 139,1 0,1
438,2 361,2 341,2 357,3 351,2 358,2 542,1 0,1
438,1 428,1 193,1 424,1 359,1 543,1 542,1 0,1
438,1 190,1 355,1 353,1 527,1 426,1 141,1 0,1
438,2 340,3 351,2 359,2 358,2 542,1 350,2 0,1
438,1 361,1 138,1 357,1 359,1 341,1 525,1 0,1
438,1 361,1 458,1 359,1 357,1 351,1 358,1 0,1
438,1 355,1 357,1 354,1 359,1 458,1 341,1 0,2
438,2 361,1 542,2 359,1 525,2 429,2 358,1 0,1
438,2 361,1 542,2 359,1 525,2 429,1 358,1 0,1
438,1 425,1 544,1 194,1 360,1 0,0 0,0 0,1
438,2 361,2 351,2 429,1 357,3 525,1 427,1 0,1
438,1 544,1 137,1 353,1 426,1 196,1 543,1 0,1
438,2 361,2 357,3 351,2 448,1 542,1 525,1 0,1
438,1 353,1 137,1 190,1 429,1 141,1 139,1 0,2
438,1 190,1 355,1 191,1 356,1 136,1 195,1 0,1
438,1 361,1 357,1 525,1 359,1 138,1 458,1 0,2
438,1 190,1 136,1 135,1 429,1 358,1 195,1 0,2
438,1 190,1 136,1 357,1 193,1 424,1 359,1 0,2
438,1 361,1 357,1 351,1 525,1 542,1 358,1 0,1
438,2 361,1 353,1 351,2 341,2 359,2 360,1 0,1
438,1 361,1 354,1 458,1 138,1 357,1 351,1 0,2
438,2 356,1 355,1 357,1 354,1 458,1 341,1 0,1
438,1 361,1 358,1 141,1 359,1 351,1 357,1 0,1
438,1 140,1 361,1 136,1 193,1 424,1 359,1 0,2
438,2 361,2 366,1 458,1 357,3 351,1 362,1 0,1
438,1 353,1 137,1 359,1 543,1 358,1 525,1 0,1
438,1 137,1 353,1 190,1 426,1 141,1 360,1 0,2
438,1 527,1 361,1 425,1 138,1 139,1 358,1 0,3
438,1 527,1 428,1 544,1 135,1 424,1 141,1 0,1
438,1 190,1 140,1 359,1 423,1 0,0 0,0 0,2
438,1 361,1 141,1 359,1 525,1 357,1 351,1 0,1
145,1 541,1 542,1 544,1 543,1 527,1 0,0 0,1
438,1 425,1 353,1 361,1 135,1 429,1 427,1 0,1
438,1 527,1 428,1 191,1 138,1 523,1 141,1 0,1
438,1 527,1 137,1 357,1 426,1 141,1 427,1 0,2
438,1 342,1 542,1 359,1 525,1 424,1 358,1 0,1
438,1 356,1 136,1 361,1 140,1 138,1 354,1 0,1
438,2 361,2 355,3 341,2 458,2 357,3 426,3 0,1
438,1 137,1 526,1 354,1 192,1 358,1 0,0 0,1
438,1 137,1 356,1 140,1 135,1 424,1 196,1 0,2
438,1 190,1 544,1 426,1 427,1 360,1 0,0 0,2
145,1 424,1 353,1 193,1 361,1 141,1 427,1 0,2
438,1 361,1 190,1 527,1 137,1 354,1 0,0 0,1
438,1 190,1 136,1 357,1 141,1 360,1 0,0 0,2
438,1 356,1 136,1 190,1 355,1 192,1 427,1 0,1
438,1 425,1 361,1 356,1 424,1 195,1 0,0 0,2
438,1 425,1 136,1 353,1 361,1 196,1 139,1 0,1
438,1 356,1 353,1 136,1 193,1 194,1 139,1 0,1
438,1 428,1 191,1 359,1 196,1 139,1 427,1 0,1
438,1 425,1 353,1 361,1 136,1 357,1 139,1 0,1
438,1 137,1 138,1 426,1 424,1 358,1 360,1 0,1
438,2 361,2 458,2 362,1 357,3 351,2 0,0 0,1
438,1 356,1 137,1 136,1 426,1 360,1 358,1 0,1
438,1 361,1 190,1 141,1 543,1 0,0 0,0 0,1
438,1 190,1 191,1 136,1 426,1 192,1 195,1 0,1
438,2 361,1 353,3 354,2 359,2 360,1 358,2 0,3
438,1 354,1 294,1 256,1 341,1 0,0 0,0 0,1
438,2 342,1 341,2 458,1 194,1 525,1 0,0 0,1
553,1 361,2 354,3 360,2 357,1 0,0 0,0 0,1
438,1 356,1 544,1 190,1 193,1 358,1 0,0 0,1
438,1 361,1 193,1 138,1 354,1 429,1 139,1 0,1
438,1 361,1 136,1 428,1 193,1 424,1 196,1 0,2
438,2 361,2 426,3 362,2 357,3 358,2 351,2 0,1
438,1 361,1 357,1 141,1 358,1 341,1 351,1 0,1
438,2 361,2 359,2 357,3 542,1 525,1 358,2 0,2
438,1 361,1 357,1 341,1 351,1 525,1 427,1 0,1
438,2 361,2 356,3 427,2 359,2 358,2 360,2 0,1
438,1 361,1 359,1 458,1 357,1 351,1 542,1 0,1
438,1 361,1 353,1 359,1 525,1 358,1 360,1 0,1
438,1 356,1 190,1 357,1 354,1 429,1 0,0 0,1
438,1 361,1 354,1 138,1 135,1 141,1 357,1 0,7
438,1 353,1 190,1 194,1 358,1 196,1 542,1 0,2
438,2 361,2 366,1 141,1 359,2 357,3 362,1 0,1
438,2 361,2 351,2 341,2 357,3 525,1 427,1 0,1
438,1 361,1 356,1 427,1 359,1 358,1 360,1 0,6
145,1 342,1 0,0 0,0 0,0 0,0 0,0 0,1
438,2 361,2 425,3 353,3 141,2 138,3 357,1 0,1
438,2 361,1 357,3 359,2 358,2 360,1 366,1 0,1
438,2 361,2 426,3 357,3 358,2 423,1 542,1 0,1
438,2 340,3 357,3 359,2 341,2 525,2 358,2 0,1
438,2 361,2 351,2 359,2 357,3 350,2 0,0 0,1
438,1 525,1 542,1 361,1 359,1 429,1 358,1 0,1
438,2 340,3 355,2 356,3 354,3 458,2 341,1 0,1
438,1 342,1 359,1 458,1 362,1 351,1 366,1 0,2
438,2 340,3 357,3 341,2 358,2 542,1 525,2 0,1
438,1 542,1 361,1 362,1 138,1 445,1 366,1 0,1
438,2 361,2 448,1 341,2 357,3 351,2 542,1 0,1
438,2 361,1 341,2 359,1 351,2 358,1 357,2 0,1
438,1 361,1 351,1 357,1 525,1 358,1 542,1 0,1
438,2 340,3 355,2 356,2 354,2 458,2 341,2 0,1
438,1 190,1 544,1 428,1 424,1 141,1 0,0 0,1
438,1 361,1 351,1 359,1 358,1 541,1 357,1 0,2
258,1 140,1 357,1 341,1 364,1 445,1 0,0 0,1
438,1 361,1 426,1 357,1 138,1 358,1 360,1 0,2
438,2 361,2 351,2 359,2 358,2 350,2 427,1 0,1
438,1 356,1 355,1 453,1 354,1 458,1 341,1 0,1
438,1 190,1 353,1 354,1 194,1 360,1 0,0 0,1
438,2 340,3 355,2 354,3 458,1 359,1 341,2 0,2
438,1 361,1 353,1 357,1 138,1 360,1 141,1 0,1
438,2 340,3 359,2 357,3 351,2 429,1 525,1 0,1
438,2 361,2 357,3 351,2 424,1 358,2 525,1 0,1
145,1 349,1 351,1 429,1 350,1 0,0 0,0 0,2
438,1 136,1 355,1 190,1 543,1 139,1 0,0 0,1
438,1 136,1 190,1 193,1 429,1 543,1 0,0 0,1
438,1 361,1 476,1 341,1 357,1 351,1 0,0 0,1
438,1 361,1 357,1 359,1 141,1 138,1 195,1 0,3
438,2 340,3 355,2 354,2 341,2 458,1 359,1 0,1
145,1 426,1 139,1 525,1 357,1 361,1 0,0 0,1
438,2 342,1 542,2 359,1 525,1 357,2 353,3 0,1
438,2 340,3 355,3 356,3 354,2 458,2 341,1 0,1
548,1 544,1 541,1 542,1 543,1 527,1 0,0 0,3
438,1 361,1 357,1 341,1 358,1 359,1 356,1 0,1
438,2 361,1 425,3 353,3 141,1 138,1 357,1 0,2
438,2 361,1 355,3 357,3 351,2 359,2 448,1 0,1
438,2 340,3 355,2 356,3 354,1 458,2 341,2 0,1
438,2 340,3 357,3 426,3 359,2 358,2 350,2 0,1
438,1 342,1 542,1 357,1 424,1 351,1 527,1 0,1
438,2 361,1 353,1 458,2 359,2 358,1 360,2 0,1
438,2 361,2 362,2 357,3 477,2 0,0 0,0 0,1
438,1 361,1 355,1 354,1 357,1 364,1 358,1 0,3
438,2 361,1 356,1 341,2 359,1 357,1 351,2 0,1
438,1 342,1 341,1 359,1 358,1 361,1 0,0 0,1
438,2 361,1 353,3 351,1 341,1 359,1 360,2 0,1
438,1 136,1 190,1 138,1 360,1 192,1 0,0 0,1
438,2 342,1 359,2 357,3 138,1 358,2 351,2 0,1
438,2 361,1 354,1 525,1 138,1 351,1 357,1 0,1
438,1 361,1 354,1 357,1 351,1 362,1 366,1 0,1
438,1 340,1 355,1 354,1 341,1 359,1 458,1 0,1
438,2 361,2 357,3 358,2 350,2 542,1 0,0 0,1
438,1 361,1 357,1 358,1 359,1 360,1 0,0 0,3
438,1 361,1 525,1 360,1 357,1 138,1 0,0 0,2
438,2 340,3 357,3 429,1 358,2 525,2 542,1 0,1
438,2 342,1 357,3 362,2 351,2 364,2 0,0 0,1
438,2 361,1 357,2 458,2 359,2 363,2 426,1 0,1
438,2 361,2 357,3 351,2 448,1 525,1 542,1 0,2
438,2 342,1 341,2 351,2 364,1 458,1 0,0 0,1
438,1 140,1 428,1 355,1 138,1 194,1 358,1 0,2
438,2 349,3 359,2 351,2 357,3 525,1 542,1 0,1
438,2 361,2 351,2 357,3 341,2 525,1 427,1 0,1
438,2 361,1 366,1 354,3 359,2 362,2 357,3 0,1
438,2 361,2 425,2 353,3 141,1 138,1 357,2 0,1
438,2 361,2 357,3 358,2 350,2 542,2 0,0 0,1
438,2 361,2 448,1 357,3 358,2 525,1 542,1 0,1
438,1 342,1 354,1 341,1 359,1 357,1 0,0 0,1
548,1 361,1 355,1 138,1 0,0 0,0 0,0 0,2
438,2 361,2 351,2 357,3 359,2 525,2 542,2 0,1
438,2 453,3 340,3 341,2 351,2 358,2 458,2 0,1
438,2 340,3 355,3 356,1 354,3 458,1 341,1 0,1
438,1 361,1 354,1 357,1 359,1 141,1 358,1 0,1
438,2 341,2 351,2 353,3 359,2 360,2 361,2 0,1
438,2 361,1 353,1 525,2 359,2 360,1 351,2 0,1
438,1 361,1 357,1 341,1 359,1 138,1 429,1 0,1
438,2 361,2 448,1 351,2 357,3 358,2 525,1 0,1
258,2 353,1 361,1 357,3 359,2 428,2 362,1 0,1
438,1 361,1 141,1 138,1 357,1 195,1 351,1 0,1
438,2 353,3 361,2 354,3 138,2 357,3 362,1 0,1
145,1 361,1 357,1 359,1 360,1 448,1 353,1 0,1
438,2 428,2 242,1 426,3 359,2 351,2 525,1 0,1
548,2 361,1 525,1 341,2 358,1 324,1 0,0 0,1
438,2 353,3 361,1 357,1 364,2 354,3 362,1 0,1
438,1 361,1 426,1 341,1 357,1 358,1 351,1 0,1
438,2 361,2 357,3 359,2 358,2 542,1 525,1 0,1
438,2 361,2 354,3 357,2 356,3 362,1 0,0 0,1
438,1 361,1 357,1 138,1 359,1 141,1 195,1 0,1
438,1 361,1 359,1 427,1 351,1 341,1 357,1 0,1
438,1 361,1 356,1 359,1 141,1 138,1 357,1 0,1
438,2 361,2 351,2 429,1 359,2 357,3 542,1 0,1
438,2 342,1 359,1 458,2 362,1 351,2 366,1 0,1
438,1 136,1 428,1 526,1 541,1 141,1 427,1 0,1
438,2 340,3 357,3 458,1 525,2 358,2 542,1 0,1
438,2 361,2 351,2 448,1 357,3 341,2 542,1 0,1
438,1 361,1 359,1 341,1 357,1 358,1 351,1 0,1
438,1 140,1 341,1 359,1 357,1 138,1 351,1 0,1
438,2 361,1 353,3 359,1 525,2 360,1 358,1 0,1
438,2 361,2 354,3 357,3 362,2 0,0 0,0 0,1
438,2 342,1 341,2 359,2 358,1 357,2 353,3 0,2
438,2 361,1 458,2 359,2 363,2 366,1 362,1 0,2
258,1 361,1 354,1 359,1 357,1 525,1 351,1 0,2
438,2 361,1 356,2 364,1 359,2 358,1 360,2 0,1
438,1 361,1 136,1 190,1 544,1 191,1 0,0 0,1
438,2 361,1 354,2 458,2 138,2 357,3 351,2 0,1
438,1 361,1 353,1 341,1 357,1 351,1 358,1 0,1
438,1 353,1 361,1 425,1 141,1 138,1 357,1 0,1
438,1 190,1 353,1 427,1 543,1 423,1 0,0 0,1
438,1 190,1 191,1 357,1 138,1 426,1 542,1 0,1
438,1 526,1 428,1 190,1 356,1 427,1 0,0 0,2
438,2 525,2 542,1 361,1 357,1 359,2 358,1 0,2
438,2 353,1 361,1 357,1 364,2 354,3 362,1 0,1
438,2 353,3 361,2 354,3 138,3 357,3 362,2 0,2
145,1 353,1 0,0 0,0 0,0 0,0 0,0 0,1
438,2 361,2 351,2 448,1 357,3 525,1 358,2 0,1
438,1 353,1 527,1 190,1 423,1 360,1 0,0 0,1
438,1 342,1 341,1 358,1 357,1 351,1 353,1 0,1
438,2 342,1 542,1 357,3 359,1 525,2 426,3 0,1
438,2 361,2 357,3 429,1 525,2 358,2 427,1 0,1
438,2 340,3 357,3 351,2 341,2 525,1 542,1 0,1
438,2 361,2 354,2 351,2 357,1 362,1 0,0 0,1
438,1 342,1 357,1 341,1 351,1 139,1 0,0 0,1
438,1 361,1 426,1 357,1 242,1 351,1 366,1 0,1
145,1 349,1 425,1 351,1 350,1 0,0 0,0 0,2
145,1 428,1 0,0 0,0 0,0 0,0 0,0 0,1
438,2 361,2 362,1 458,1 138,1 357,2 366,1 0,1
438,1 137,1 140,1 138,1 542,1 427,1 423,1 0,2
438,2 361,2 353,3 351,2 359,1 362,2 357,3 0,1
438,1 361,1 356,1 341,1 359,1 357,1 351,1 0,4
499,2 361,1 357,3 341,3 356,3 358,1 426,2 0,1
438,2 361,1 341,1 359,1 525,2 358,1 194,1 0,1
438,1 361,1 366,1 341,1 141,1 357,1 362,1 0,1
438,1 361,1 341,1 359,1 358,1 357,1 351,1 0,1
438,1 361,1 353,1 341,1 542,1 358,1 360,1 0,1
438,1 361,1 136,1 138,1 359,1 427,1 542,1 0,6
438,2 361,2 354,3 458,2 138,1 357,3 351,1 0,2
438,2 361,1 354,1 357,1 142,1 358,1 353,1 0,1
438,2 342,1 542,1 357,3 359,2 525,2 426,2 0,1
438,1 353,1 361,1 242,1 139,1 341,1 0,0 0,1
438,2 361,1 353,1 351,2 341,1 359,2 360,1 0,1
438,2 361,2 353,2 354,3 357,3 445,1 0,0 0,1
438,2 366,1 361,1 357,3 141,1 354,1 362,1 0,1
438,1 353,1 140,1 354,1 359,1 358,1 525,1 0,3
258,2 354,3 355,1 351,2 424,3 557,1 525,1 0,1
438,1 136,1 140,1 356,1 358,1 427,1 360,1 0,1
438,2 361,2 357,1 458,2 359,2 363,2 426,1 0,2
548,1 428,1 495,1 504,1 351,1 0,0 0,0 0,1
438,1 361,1 353,1 359,1 141,1 525,1 360,1 0,1
438,2 342,1 458,2 341,2 359,2 358,2 364,1 0,1
438,2 361,2 426,2 354,3 357,3 445,1 0,0 0,1
438,2 342,1 366,1 351,1 357,2 138,1 361,1 0,1
145,1 426,1 0,0 0,0 0,0 0,0 0,0 0,305
438,1 140,1 356,1 137,1 359,1 543,1 0,0 0,1
438,2 361,2 458,2 358,2 525,1 445,1 366,1 0,1
438,2 361,2 341,2 359,2 458,1 138,3 357,3 0,1
438,2 340,3 355,1 354,1 341,2 458,1 358,2 0,1
438,2 140,1 341,2 359,2 358,2 362,1 353,3 0,1
438,2 361,2 366,1 354,3 362,1 358,1 357,2 0,1
438,1 361,1 141,1 359,1 357,1 360,1 0,0 0,1
438,1 353,1 425,1 526,1 355,1 195,1 0,0 0,1
553,1 361,1 476,1 477,1 351,1 0,0 0,0 0,1
438,2 340,3 353,1 354,1 357,2 360,2 364,1 0,1
438,2 342,1 357,3 426,3 358,2 353,3 362,1 0,1
438,1 542,1 361,1 341,1 357,1 351,1 135,1 0,1
438,1 525,1 357,1 358,1 359,1 361,1 141,1 0,1
438,2 340,3 355,3 354,2 341,2 458,2 359,2 0,1
438,1 340,1 355,1 354,1 359,1 341,1 458,1 0,1
438,2 361,1 354,3 359,1 362,1 357,3 366,1 0,1
438,2 361,1 425,3 138,1 353,3 141,1 357,3 0,2
438,2 340,3 355,2 356,3 354,3 458,1 341,2 0,1
438,2 361,1 425,3 353,3 141,1 138,2 357,1 0,1
438,1 426,1 361,1 351,1 242,1 496,1 0,0 0,1
438,2 342,1 341,1 359,1 351,2 362,2 0,0 0,1
438,1 356,1 350,1 357,1 358,1 192,1 0,0 0,1
438,2 361,2 355,3 364,2 359,2 358,2 362,2 0,1
438,2 361,1 353,3 359,2 525,1 360,2 358,1 0,1
438,1 361,1 359,1 357,1 525,1 358,1 141,1 0,1
438,1 361,1 353,1 354,1 359,1 542,1 360,1 0,2
438,1 361,1 354,1 429,1 141,1 525,1 358,1 0,1
438,1 136,1 526,1 361,1 193,1 192,1 0,0 0,1
438,2 361,2 359,2 358,2 360,2 357,3 0,0 0,1
438,1 526,1 426,1 194,1 423,1 192,1 0,0 0,1
438,2 342,1 542,1 341,2 359,2 525,2 427,1 0,2
438,2 353,3 361,2 425,2 141,1 138,1 357,2 0,1
438,2 361,1 357,2 360,2 358,2 359,1 0,0 0,1
438,2 361,1 425,2 138,2 353,3 141,1 357,3 0,1
145,1 349,1 351,1 424,1 350,1 0,0 0,0 0,1
438,2 361,1 542,2 359,2 525,1 195,1 358,1 0,1
438,2 361,2 526,1 294,1 138,1 366,1 0,0 0,1
438,1 361,1 354,1 141,1 357,1 138,1 356,1 0,1
438,1 361,1 357,1 359,1 358,1 360,1 0,0 0,3
499,2 361,1 357,3 341,3 356,3 358,1 426,3 0,2
438,1 425,1 361,1 526,1 135,1 426,1 0,0 0,1
438,2 361,1 476,1 357,3 351,2 358,1 426,2 0,1
548,1 342,1 324,1 362,1 351,1 0,0 0,0 0,1
548,1 353,1 527,1 341,1 496,1 324,1 357,1 0,1
438,1 356,1 354,1 141,1 195,1 192,1 358,1 0,2
438,1 361,1 357,1 141,1 359,1 366,1 360,1 0,1
438,1 428,1 544,1 190,1 135,1 359,1 0,0 0,1
438,1 428,1 425,1 526,1 138,1 196,1 0,0 0,2
548,2 544,1 542,1 543,1 527,1 0,0 0,0 0,1
438,1 453,1 355,1 354,1 458,1 341,1 359,1 0,1
548,1 428,1 543,1 351,1 429,1 427,1 527,1 0,1
438,2 353,3 354,1 358,2 359,2 360,1 361,1 0,1
438,2 340,3 355,1 356,3 354,3 458,1 341,2 0,1
438,2 361,1 357,2 360,1 358,2 359,1 0,0 0,2
438,2 342,1 341,2 359,1 525,2 358,1 353,3 0,1
438,1 453,1 355,1 354,1 341,1 359,1 458,1 0,1
438,1 361,1 195,1 359,1 525,1 358,1 138,1 0,1
438,1 361,1 354,1 525,1 523,1 0,0 0,0 0,1
438,2 366,1 361,2 341,2 357,3 351,2 362,1 0,2
438,2 342,1 366,1 458,2 357,3 353,3 362,1 0,1
438,2 342,1 525,2 424,3 351,1 357,3 426,2 0,1
438,2 342,1 542,1 357,3 359,2 525,1 426,1 0,2
438,2 361,1 353,3 359,1 525,2 360,2 358,1 0,1
553,1 542,1 432,1 424,3 448,1 525,2 366,1 0,1
438,2 361,1 354,3 364,1 525,2 351,1 357,1 0,1
438,2 361,1 425,1 426,2 141,1 138,1 357,1 0,1
438,2 342,1 360,2 357,3 458,2 366,1 0,0 0,1
438,2 342,1 542,1 357,3 359,2 525,1 426,3 0,1
438,2 361,2 458,2 357,3 358,2 525,1 427,2 0,1
548,1 527,1 355,1 544,1 543,1 542,1 0,0 0,1
438,2 353,3 354,3 357,3 361,2 362,1 138,1 0,1
438,1 342,1 359,1 357,1 138,1 141,1 358,1 0,1
438,1 342,1 357,1 341,1 360,1 0,0 0,0 0,1
449,1 361,1 357,3 359,2 496,1 362,1 0,0 0,1
438,2 342,1 362,2 365,1 366,1 426,3 0,0 0,1
438,1 356,1 355,1 453,1 354,1 341,1 458,1 0,1
438,1 361,1 357,1 138,1 141,1 359,1 453,1 0,1
438,2 354,3 353,3 425,1 477,1 496,1 366,1 0,1
438,2 453,3 355,3 356,3 354,3 341,2 458,2 0,1
438,2 361,2 357,2 362,1 359,1 341,2 366,1 0,1
438,2 361,2 357,3 351,2 364,2 139,2 525,2 0,1
438,1 140,1 354,1 357,1 138,1 359,1 282,1 0,1
438,2 361,1 425,2 353,3 141,1 138,1 357,2 0,1
438,2 361,1 354,3 357,3 362,1 141,1 366,1 0,1
438,2 340,3 527,3 364,1 361,2 542,1 362,1 0,1
438,2 361,2 366,1 141,2 359,2 357,3 362,1 0,1
438,2 340,3 357,1 429,2 351,2 341,1 527,1 0,1
438,2 361,1 542,1 359,2 525,2 195,1 358,2 0,2
438,2 361,1 525,1 357,3 358,2 359,2 351,1 0,1
438,2 361,2 366,1 525,1 357,3 542,1 362,2 0,1
438,1 525,1 351,1 357,1 361,1 354,1 138,1 0,1
438,2 342,1 357,3 138,1 362,1 358,2 0,0 0,1
438,1 525,1 542,1 353,1 359,1 360,1 361,1 0,1
258,1 342,1 353,1 354,1 357,1 445,1 0,0 0,1
438,2 361,1 542,1 359,1 525,2 360,1 353,1 0,1
438,2 361,2 357,3 359,1 525,1 362,2 0,0 0,1
548,2 361,2 366,1 324,1 357,3 525,2 427,1 0,1
553,1 361,2 353,2 525,1 359,2 351,2 357,3 0,1
438,2 361,2 353,2 359,2 525,1 523,1 0,0 0,1
438,1 140,1 361,1 354,1 360,1 0,0 0,0 0,1
438,2 353,3 361,1 357,3 364,1 354,3 362,1 0,1
438,2 361,1 359,2 141,1 525,1 358,2 357,3 0,2
438,1 136,1 361,1 135,1 354,1 141,1 195,1 0,2
438,2 356,3 355,3 357,1 354,3 458,2 341,2 0,1
438,2 191,1 445,1 362,1 196,1 366,1 525,1 0,1
438,1 190,1 138,1 426,1 139,1 423,1 358,1 0,2
438,1 136,1 361,1 357,1 193,1 426,1 424,1 0,1
438,2 361,2 357,3 359,1 358,1 360,1 366,1 0,1
438,1 361,1 140,1 137,1 136,1 357,1 426,1 0,1
438,2 361,1 353,3 359,1 525,1 360,2 358,1 0,1
438,2 361,1 542,1 359,2 525,2 360,1 353,3 0,1
553,1 542,1 246,1 351,2 525,2 357,3 0,0 0,1
438,2 361,1 341,2 525,2 357,3 358,1 138,1 0,1
438,1 361,1 353,1 477,1 138,1 357,1 358,1 0,1
438,2 342,1 341,2 357,3 358,2 139,2 366,1 0,1
438,2 342,1 341,1 351,2 357,1 458,2 0,0 0,1
438,2 453,3 355,3 354,3 359,2 341,2 458,1 0,1
438,2 361,2 431,1 359,2 358,2 360,2 0,0 0,1
438,1 342,1 366,1 341,1 525,1 351,1 357,1 0,1
438,2 342,1 366,1 341,2 141,2 448,1 361,2 0,1
438,2 361,2 542,1 359,2 525,1 358,1 357,3 0,1
438,1 361,1 357,1 137,1 359,1 141,1 135,1 0,1
438,2 140,1 342,1 445,1 427,1 366,1 0,0 0,1
438,2 361,2 354,2 351,2 357,3 362,1 0,0 0,1
438,1 524,1 353,1 354,1 357,1 362,1 364,1 0,1
438,2 426,2 353,3 354,3 357,3 361,2 362,1 0,1
553,1 354,1 424,3 525,1 357,3 351,1 542,1 0,1
438,2 340,3 359,2 458,1 357,3 525,2 358,2 0,1
499,1 361,1 357,2 135,1 351,1 353,2 362,1 0,1
438,2 137,1 365,1 138,1 423,3 358,2 366,1 0,1
438,1 428,1 356,1 357,1 141,1 195,1 139,1 0,2
438,1 425,1 357,1 358,1 360,1 427,1 0,0 0,2
438,1 190,1 140,1 138,1 354,1 359,1 0,0 0,2
145,1 361,1 357,1 358,1 359,1 360,1 366,1 0,1
438,2 361,2 341,2 359,2 525,2 358,2 458,2 0,1
438,1 353,1 361,1 357,1 138,1 525,1 192,1 0,1
438,2 140,1 479,1 195,1 366,1 0,0 0,0 0,1
258,1 361,1 354,1 357,1 138,1 445,1 353,1 0,2
438,2 342,1 353,3 357,3 351,2 525,1 358,2 0,1
438,1 361,1 354,1 359,1 362,1 357,1 366,1 0,1
438,2 361,1 354,2 357,3 542,2 362,1 366,1 0,1
438,2 365,1 542,1 357,3 543,1 366,1 0,0 0,1
438,2 361,2 359,2 357,3 360,2 351,2 0,0 0,1
438,2 366,1 423,1 355,3 138,1 361,2 362,1 0,1
438,1 136,1 349,1 361,1 357,1 525,1 527,1 0,1
438,2 361,1 525,2 357,2 359,2 351,2 358,2 0,1
438,1 361,1 357,1 429,1 525,1 427,1 358,1 0,1
438,2 432,1 525,2 496,1 358,2 364,1 426,1 0,1
438,1 361,1 354,1 360,1 138,1 357,1 0,0 0,1
553,1 361,1 354,1 138,1 357,1 525,2 426,3 0,1
438,1 356,1 136,1 190,1 357,1 424,1 429,1 0,1
438,2 361,1 354,1 357,3 351,2 362,1 0,0 0,1
438,2 361,1 353,3 341,2 523,1 542,2 0,0 0,1
438,2 229,3 135,1 139,1 525,1 358,2 353,3 0,1
438,1 426,1 342,1 351,1 357,1 353,1 362,1 0,2
438,1 361,1 357,1 359,1 139,1 362,1 0,0 0,1
438,1 246,1 141,1 357,1 138,1 351,1 341,1 0,1
438,2 354,3 342,1 351,2 359,2 362,1 0,0 0,1
438,1 357,1 361,1 139,1 358,1 359,1 135,1 0,1
438,1 428,1 353,1 357,1 141,1 195,1 423,1 0,2
499,2 361,1 354,3 525,1 138,3 357,3 351,1 0,1
438,2 361,1 354,3 458,1 138,3 357,3 351,1 0,1
438,2 342,1 138,3 357,3 362,1 366,1 141,1 0,1
438,1 361,1 357,1 138,1 358,1 245,1 230,1 0,1
438,2 340,3 355,1 354,3 359,2 458,1 341,1 0,1
438,1 241,1 340,1 354,1 230,1 362,1 282,1 0,1
438,2 246,3 354,3 458,2 359,2 364,2 357,3 0,1
438,2 426,1 349,3 357,3 360,2 282,1 136,1 0,1
438,2 361,2 542,1 359,2 358,2 525,1 357,1 0,1
438,1 140,1 544,1 354,1 429,1 359,1 0,0 0,1
438,1 361,1 357,1 525,1 358,1 362,1 0,0 0,1
438,2 355,3 357,3 354,3 341,1 359,2 458,1 0,1
438,2 349,3 340,3 362,1 426,3 192,1 366,1 0,1
438,2 140,1 364,1 425,3 360,2 136,1 366,1 0,1
438,2 453,3 355,3 354,3 359,2 341,2 458,2 0,1
438,1 140,1 360,1 350,1 542,1 0,0 0,0 0,1
145,1 543,1 542,1 544,1 527,1 0,0 0,0 0,1
438,2 342,1 542,2 359,1 525,1 357,3 353,3 0,1
438,2 361,2 355,3 525,1 364,2 360,2 426,3 0,1
438,2 140,1 268,3 496,1 543,1 527,1 366,1 0,1
438,1 361,1 357,1 360,1 362,1 0,0 0,0 0,1
438,1 526,1 190,1 191,1 141,1 359,1 0,0 0,1
438,2 361,2 366,1 354,1 362,1 358,1 357,1 0,1
438,1 140,1 527,1 354,1 426,1 423,1 139,1 0,1
438,1 361,1 354,1 138,1 357,1 360,1 0,0 0,4
438,1 526,1 137,1 193,1 357,1 194,1 0,0 0,1
438,1 361,1 340,1 359,1 358,1 360,1 0,0 0,2
438,1 137,1 544,1 138,1 360,1 195,1 0,0 0,1
438,2 361,1 354,3 357,3 138,3 353,3 362,1 0,1
438,1 137,1 140,1 136,1 526,1 195,1 0,0 0,1
145,1 543,1 544,1 526,1 0,0 0,0 0,0 0,1
438,2 361,1 354,3 357,3 541,1 138,3 351,2 0,1
438,2 361,2 353,3 351,1 341,2 359,2 360,1 0,3
438,1 361,1 362,1 357,1 359,1 351,1 426,1 0,1
548,1 524,1 527,1 362,1 542,1 324,1 366,1 0,1
438,2 140,2 341,2 359,1 141,1 138,3 357,2 0,1
438,1 542,1 342,1 341,1 357,1 358,1 353,1 0,1
438,2 361,1 353,1 354,1 357,1 362,1 364,1 0,1
438,2 361,2 542,1 357,3 359,1 525,1 358,2 0,1
438,1 353,1 190,1 138,1 135,1 424,1 360,1 0,1
438,2 342,1 542,1 357,3 351,1 525,1 426,1 0,1
438,1 525,1 542,1 361,1 359,1 195,1 358,1 0,2
553,1 542,2 361,2 359,1 358,2 445,1 0,0 0,1
438,1 353,1 136,1 425,1 140,1 424,1 195,1 0,1
438,1 544,1 140,1 191,1 427,1 192,1 0,0 0,1
438,1 190,1 191,1 361,1 353,1 139,1 427,1 0,1
438,1 425,1 353,1 190,1 136,1 424,1 358,1 0,1
438,1 428,1 426,1 423,1 427,1 358,1 543,1 0,1
438,1 361,1 354,1 138,1 359,1 357,1 194,1 0,1
438,1 361,1 357,1 542,1 360,1 358,1 0,0 0,1
438,1 136,1 355,1 190,1 353,1 544,1 194,1 0,1
438,1 136,1 140,1 190,1 135,1 195,1 0,0 0,1
438,1 353,1 424,1 359,1 192,1 139,1 358,1 0,1
145,1 354,1 544,1 195,1 138,1 426,1 0,0 0,1
438,1 190,1 361,1 135,1 360,1 0,0 0,0 0,1
438,1 361,1 190,1 428,1 194,1 427,1 0,0 0,1
438,2 361,2 341,2 359,2 357,3 358,2 351,1 0,1
438,1 190,1 356,1 544,1 429,1 358,1 0,0 0,1
145,1 354,1 136,1 141,1 425,1 424,1 138,1 0,1
438,1 140,1 136,1 356,1 194,1 358,1 139,1 0,1
438,1 356,1 428,1 193,1 135,1 426,1 359,1 0,1
438,2 361,1 139,1 359,1 525,1 358,1 541,1 0,1
438,1 140,1 355,1 136,1 190,1 424,1 426,1 0,1
553,1 361,2 355,3 357,3 359,2 351,2 353,3 0,1
438,1 425,1 527,1 191,1 354,1 194,1 427,1 0,1
438,1 361,1 139,1 359,1 358,1 525,1 341,1 0,1
438,1 353,1 190,1 138,1 193,1 194,1 359,1 0,1
438,1 425,1 356,1 193,1 424,1 426,1 429,1 0,1
438,1 353,1 190,1 354,1 424,1 141,1 139,1 0,1
438,1 136,1 353,1 361,1 192,1 358,1 360,1 0,1
438,1 136,1 190,1 140,1 353,1 360,1 0,0 0,1
438,1 527,1 355,1 190,1 138,1 194,1 429,1 0,1
438,1 190,1 425,1 358,1 192,1 0,0 0,0 0,1
438,1 137,1 425,1 353,1 426,1 424,1 427,1 0,1
438,1 527,1 190,1 136,1 426,1 359,1 360,1 0,1
438,2 361,1 366,1 354,3 362,1 358,1 357,3 0,1
438,2 361,2 341,2 359,2 525,1 358,2 458,2 0,2
438,1 356,1 194,1 139,1 360,1 192,1 0,0 0,1
438,1 527,1 355,1 190,1 426,1 194,1 195,1 0,1
548,2 544,3 543,3 527,2 0,0 0,0 0,0 0,1
438,2 361,1 542,2 359,2 525,2 360,2 353,2 0,1
438,1 140,1 361,1 357,1 358,1 359,1 0,0 0,1
438,1 428,1 136,1 140,1 356,1 357,1 427,1 0,1
438,1 136,1 190,1 191,1 138,1 359,1 358,1 0,2
438,1 428,1 544,1 138,1 193,1 135,1 358,1 0,1
438,1 140,1 353,1 354,1 424,1 194,1 141,1 0,1
438,1 136,1 355,1 190,1 193,1 426,1 358,1 0,1
438,1 190,1 136,1 135,1 359,1 358,1 423,1 0,1
548,2 544,3 543,2 527,3 0,0 0,0 0,0 0,1
438,1 356,1 527,1 193,1 194,1 141,1 423,1 0,1
438,1 137,1 191,1 424,1 426,1 139,1 360,1 0,1
438,1 353,1 428,1 190,1 426,1 359,1 427,1 0,1
438,1 136,1 190,1 353,1 191,1 357,1 192,1 0,1
438,1 140,1 526,1 136,1 137,1 353,1 424,1 0,1
438,1 136,1 357,1 426,1 359,1 141,1 543,1 0,1
438,2 361,1 341,1 359,1 525,1 429,1 358,1 0,1
438,1 428,1 356,1 138,1 357,1 194,1 423,1 0,1
548,2 340,1 349,1 453,1 0,0 0,0 0,0 0,1
145,1 426,1 425,1 194,1 139,1 141,1 0,0 0,1
438,1 361,1 354,1 358,1 359,1 141,1 357,1 0,1
438,1 190,1 426,1 354,1 194,1 359,1 427,1 0,1
548,2 340,3 526,2 453,3 341,2 0,0 0,0 0,1
438,1 353,1 361,1 526,1 193,1 427,1 358,1 0,1
438,1 190,1 544,1 137,1 426,1 141,1 427,1 0,1
438,1 428,1 425,1 137,1 356,1 426,1 139,1 0,2
438,1 136,1 354,1 429,1 141,1 139,1 360,1 0,1
548,2 340,3 349,3 453,1 0,0 0,0 0,0 0,1
145,1 426,1 140,1 358,1 138,1 196,1 136,1 0,1
438,1 190,1 191,1 353,1 359,1 358,1 195,1 0,1
438,1 137,1 191,1 138,1 429,1 195,1 196,1 0,2
438,1 353,1 191,1 424,1 139,1 427,1 358,1 0,1
438,1 425,1 136,1 137,1 426,1 543,1 139,1 0,1
438,1 140,1 136,1 191,1 193,1 354,1 358,1 0,1
438,1 428,1 353,1 137,1 190,1 196,1 358,1 0,2
438,1 544,1 355,1 135,1 139,1 196,1 358,1 0,1
438,1 425,1 353,1 526,1 424,1 194,1 427,1 0,1
438,1 425,1 137,1 354,1 360,1 427,1 0,0 0,1
438,1 353,1 136,1 355,1 191,1 354,1 359,1 0,1
438,1 190,1 361,1 136,1 191,1 135,1 138,1 0,2
438,1 190,1 353,1 356,1 426,1 427,1 360,1 0,1
145,1 426,1 195,1 190,1 427,1 136,1 0,0 0,1
438,1 137,1 544,1 138,1 424,1 358,1 139,1 0,1
438,1 190,1 353,1 136,1 526,1 426,1 192,1 0,1
438,1 361,1 136,1 191,1 355,1 429,1 141,1 0,1
145,1 354,1 195,1 140,1 359,1 0,0 0,0 0,1
258,1 361,1 357,1 356,1 429,1 525,1 359,1 0,1
438,1 356,1 429,1 359,1 427,1 358,1 139,1 0,1
438,1 190,1 136,1 191,1 357,1 426,1 194,1 0,1
438,1 190,1 353,1 424,1 426,1 195,1 192,1 0,1
438,1 136,1 361,1 140,1 138,1 358,1 195,1 0,1
438,1 353,1 527,1 428,1 426,1 354,1 427,1 0,1
438,1 190,1 356,1 361,1 354,1 141,1 0,0 0,1
438,1 361,1 137,1 138,1 424,1 423,1 358,1 0,1
438,1 140,1 136,1 526,1 353,1 424,1 195,1 0,1
438,1 137,1 361,1 356,1 136,1 135,1 543,1 0,1
438,1 140,1 191,1 135,1 194,1 141,1 139,1 0,1
145,1 426,1 359,1 361,1 428,1 357,1 136,1 0,1
548,2 340,3 526,1 453,3 341,2 0,0 0,0 0,1
438,1 361,1 357,1 542,1 359,1 360,1 0,0 0,2
438,1 353,1 136,1 526,1 361,1 194,1 195,1 0,1
438,1 428,1 353,1 425,1 355,1 194,1 141,1 0,1
438,1 353,1 191,1 357,1 141,1 192,1 423,1 0,1
438,1 140,1 137,1 353,1 357,1 193,1 424,1 0,1
438,1 356,1 353,1 137,1 135,1 426,1 360,1 0,1
438,1 353,1 357,1 359,1 141,1 423,1 195,1 0,2
145,1 424,1 361,1 138,1 359,1 0,0 0,0 0,1
438,1 361,1 428,1 357,1 354,1 195,1 0,0 0,1
438,1 136,1 140,1 356,1 135,1 192,1 196,1 0,1
438,1 428,1 191,1 426,1 359,1 141,1 358,1 0,1
438,1 361,1 190,1 353,1 424,1 358,1 542,1 0,1
438,1 527,1 356,1 140,1 138,1 354,1 192,1 0,1
145,1 342,1 366,1 364,1 365,1 362,1 0,0 0,1
145,1 426,1 135,1 428,1 356,1 544,1 138,1 0,1
438,1 526,1 136,1 353,1 140,1 193,1 196,1 0,1
438,1 353,1 140,1 424,1 194,1 192,1 358,1 0,1
145,1 424,1 196,1 357,1 138,1 542,1 359,1 0,1
438,2 340,3 355,1 354,1 341,2 458,2 359,1 0,1
438,1 425,1 136,1 138,1 424,1 194,1 192,1 0,1
438,1 527,1 353,1 428,1 355,1 354,1 195,1 0,1
438,1 353,1 361,1 527,1 354,1 426,1 195,1 0,1
438,1 544,1 136,1 191,1 135,1 141,1 194,1 0,1
438,1 356,1 361,1 194,1 427,1 423,1 542,1 0,1
438,1 342,1 353,1 424,1 448,1 525,1 357,1 0,1
438,2 361,2 357,2 359,2 525,2 358,1 351,1 0,1
438,1 137,1 190,1 193,1 138,1 426,1 139,1 0,1
145,1 426,1 354,1 194,1 353,1 358,1 195,1 0,1
145,1 527,1 544,1 542,1 526,1 453,1 0,0 0,2
438,1 136,1 137,1 355,1 424,1 429,1 195,1 0,1
145,1 354,1 360,1 195,1 136,1 0,0 0,0 0,1
438,2 361,1 366,1 141,1 359,1 357,3 362,1 0,1
438,2 361,2 357,3 359,2 448,1 525,2 358,2 0,1
438,1 353,1 191,1 355,1 190,1 356,1 135,1 0,1
438,2 366,1 361,1 341,2 359,1 360,2 356,3 0,1
145,1 426,1 361,1 138,1 357,1 136,1 527,1 0,1
438,1 527,1 428,1 137,1 355,1 426,1 423,1 0,1
438,1 137,1 356,1 355,1 427,1 358,1 195,1 0,2
438,1 136,1 361,1 428,1 544,1 191,1 141,1 0,1
438,1 140,1 527,1 361,1 191,1 135,1 141,1 0,1
438,1 356,1 428,1 361,1 191,1 139,1 196,1 0,1
438,1 356,1 544,1 193,1 426,1 196,1 358,1 0,1
438,1 136,1 428,1 356,1 193,1 360,1 139,1 0,1
438,1 356,1 353,1 544,1 357,1 194,1 429,1 0,1
145,1 426,1 428,1 355,1 356,1 191,1 429,1 0,1
438,1 361,1 359,1 141,1 138,1 525,1 357,1 0,1
438,1 190,1 428,1 136,1 191,1 429,1 139,1 0,2
438,1 526,1 356,1 355,1 193,1 359,1 427,1 0,1
438,1 353,1 140,1 137,1 424,1 429,1 427,1 0,1
438,1 361,1 136,1 356,1 353,1 138,1 354,1 0,1
438,2 361,1 359,1 141,1 525,1 358,1 357,1 0,1
438,1 353,1 544,1 425,1 137,1 193,1 138,1 0,1
438,1 137,1 425,1 428,1 193,1 426,1 429,1 0,1
438,1 526,1 425,1 353,1 428,1 358,1 427,1 0,1
438,1 425,1 544,1 136,1 191,1 138,1 194,1 0,1
438,1 137,1 356,1 425,1 426,1 427,1 360,1 0,1
553,1 340,3 354,2 357,2 358,1 351,2 353,3 0,1
438,1 140,1 356,1 429,1 194,1 358,1 427,1 0,1
438,1 428,1 136,1 356,1 138,1 359,1 423,1 0,1
438,1 140,1 356,1 135,1 424,1 429,1 141,1 0,1
438,1 353,1 425,1 137,1 357,1 429,1 427,1 0,1
438,1 136,1 353,1 193,1 141,1 360,1 543,1 0,1
438,1 136,1 190,1 353,1 193,1 424,1 141,1 0,1
438,2 361,2 542,1 359,2 525,2 360,2 353,1 0,2
145,1 354,1 423,1 353,1 359,1 427,1 424,1 0,1
438,1 356,1 136,1 355,1 193,1 357,1 423,1 0,1
438,2 361,2 353,3 354,3 357,3 362,2 364,2 0,1
438,1 140,1 353,1 190,1 428,1 138,1 426,1 0,1
145,1 354,1 194,1 423,1 358,1 356,1 0,0 0,1
438,2 361,1 357,1 351,2 358,1 360,1 0,0 0,1
438,1 353,1 136,1 428,1 358,1 195,1 423,1 0,1
438,1 137,1 428,1 527,1 136,1 357,1 139,1 0,1
438,1 356,1 190,1 136,1 359,1 141,1 196,1 0,1
438,2 361,1 353,1 359,2 525,1 360,1 358,1 0,1
438,2 361,2 354,1 357,1 351,1 362,1 0,0 0,1
438,2 361,1 353,3 357,3 359,1 138,1 360,2 0,1
438,1 137,1 353,1 190,1 135,1 542,1 139,1 0,1
438,1 137,1 353,1 140,1 429,1 427,1 192,1 0,1
438,2 361,2 357,1 359,2 525,2 358,1 351,2 0,1
438,1 140,1 138,1 427,1 141,1 195,1 194,1 0,1
438,1 137,1 356,1 353,1 138,1 139,1 542,1 0,1
438,2 361,2 341,2 359,1 357,3 525,1 527,1 0,1
438,1 140,1 190,1 138,1 359,1 196,1 0,0 0,1
438,1 136,1 356,1 357,1 141,1 429,1 543,1 0,1
145,1 426,1 138,1 357,1 354,1 141,1 139,1 0,1
438,2 361,2 542,2 359,2 525,1 360,2 353,1 0,1
438,1 361,1 136,1 190,1 426,1 354,1 542,1 0,1
438,1 544,1 428,1 361,1 136,1 426,1 139,1 0,1
438,2 527,3 354,3 525,1 357,3 351,2 361,2 0,1
438,1 361,1 541,1 359,1 358,1 360,1 353,1 0,1
438,1 361,1 341,1 138,1 525,1 357,1 359,1 0,1
438,1 361,1 136,1 426,1 429,1 360,1 195,1 0,1
438,2 361,1 354,3 525,2 138,1 351,2 357,1 0,1
438,1 353,1 191,1 426,1 429,1 423,1 196,1 0,1
438,1 356,1 136,1 193,1 357,1 360,1 139,1 0,1
438,1 544,1 361,1 191,1 359,1 141,1 358,1 0,1
438,1 353,1 190,1 136,1 140,1 359,1 196,1 0,1
438,1 361,1 357,1 525,1 359,1 458,1 138,1 0,1
438,2 426,3 353,3 354,3 357,3 361,2 362,1 0,1
438,1 356,1 361,1 193,1 424,1 196,1 358,1 0,1
438,1 136,1 140,1 138,1 360,1 427,1 139,1 0,1
438,1 425,1 136,1 354,1 359,1 139,1 196,1 0,1
438,1 353,1 361,1 426,1 141,1 195,1 360,1 0,1
