500,1 542,1 197,1 0,0 0,0 0,0 0,0 1,1
500,2 514,3 446,1 542,2 0,0 0,0 0,0 1,1
500,2 542,2 378,2 514,3 427,2 0,0 0,0 1,1
439,1 514,1 423,1 0,0 0,0 0,0 0,0 1,1
439,2 514,1 350,2 0,0 0,0 0,0 0,0 2,2
500,2 199,1 0,0 0,0 0,0 0,0 0,0 1,1
500,2 542,2 514,3 446,1 0,0 0,0 0,0 1,1
549,1 330,1 0,0 0,0 0,0 0,0 0,0 1,1
500,2 456,2 378,1 185,1 0,0 0,0 0,0 1,1
278,1 350,2 0,0 0,0 0,0 0,0 0,0 1,1
439,2 350,2 427,2 0,0 0,0 0,0 0,0 1,1
500,1 542,1 446,1 185,1 0,0 0,0 0,0 1,1
189,1 542,1 350,1 0,0 0,0 0,0 0,0 130,187
500,1 514,2 374,1 0,0 0,0 0,0 0,0 70,105
189,1 514,1 350,1 0,0 0,0 0,0 0,0 45,75
500,1 514,1 374,1 0,0 0,0 0,0 0,0 2,4
439,2 350,1 185,1 0,0 0,0 0,0 0,0 2,5
439,2 350,2 185,1 0,0 0,0 0,0 0,0 2,5
500,1 196,1 377,1 0,0 0,0 0,0 0,0 3,8
439,1 427,1 195,1 185,1 0,0 0,0 0,0 1,3
439,2 350,2 0,0 0,0 0,0 0,0 0,0 1,3
439,1 374,1 427,1 0,0 0,0 0,0 0,0 1,4
189,1 427,1 196,1 195,1 0,0 0,0 0,0 1,5
189,1 192,1 427,1 185,1 0,0 0,0 0,0 3,17
549,1 514,1 542,1 0,0 0,0 0,0 0,0 1,8
439,2 374,2 185,1 0,0 0,0 0,0 0,0 1,13
439,1 185,1 542,1 196,1 0,0 0,0 0,0 0,1
439,2 185,1 374,2 0,0 0,0 0,0 0,0 0,2
439,1 543,1 514,1 0,0 0,0 0,0 0,0 0,1
439,1 543,1 542,1 0,0 0,0 0,0 0,0 0,1
439,1 423,1 185,1 0,0 0,0 0,0 0,0 0,2
189,1 514,1 185,1 195,1 0,0 0,0 0,0 0,1
439,1 374,1 514,1 0,0 0,0 0,0 0,0 0,4
439,1 514,1 192,1 0,0 0,0 0,0 0,0 0,1
549,2 514,3 542,1 0,0 0,0 0,0 0,0 0,1
189,1 196,1 185,1 0,0 0,0 0,0 0,0 0,6
439,1 196,1 192,1 0,0 0,0 0,0 0,0 0,3
439,2 378,1 423,3 427,2 0,0 0,0 0,0 0,1
439,1 350,1 185,1 0,0 0,0 0,0 0,0 0,2
439,1 374,1 185,1 0,0 0,0 0,0 0,0 0,11
439,1 514,1 427,1 542,1 0,0 0,0 0,0 0,1
189,1 350,1 0,0 0,0 0,0 0,0 0,0 0,3
439,2 350,2 542,2 0,0 0,0 0,0 0,0 0,1
439,1 185,1 423,1 0,0 0,0 0,0 0,0 0,4
439,2 514,3 456,2 427,2 0,0 0,0 0,0 0,1
439,1 542,1 192,1 0,0 0,0 0,0 0,0 0,2
189,1 195,1 427,1 0,0 0,0 0,0 0,0 0,1
439,1 185,1 543,1 0,0 0,0 0,0 0,0 0,3
189,1 423,1 0,0 0,0 0,0 0,0 0,0 0,1
439,1 514,1 427,1 195,1 0,0 0,0 0,0 0,2
439,1 192,1 196,1 0,0 0,0 0,0 0,0 0,2
439,1 542,1 446,1 185,1 0,0 0,0 0,0 0,1
549,2 350,2 313,1 0,0 0,0 0,0 0,0 0,1
439,2 350,2 514,1 0,0 0,0 0,0 0,0 0,1
439,1 456,1 335,1 0,0 0,0 0,0 0,0 0,1
439,1 514,1 542,1 0,0 0,0 0,0 0,0 0,1
189,1 514,1 542,1 0,0 0,0 0,0 0,0 0,2
439,1 423,1 514,1 0,0 0,0 0,0 0,0 0,2
439,2 543,2 0,0 0,0 0,0 0,0 0,0 0,1
439,1 427,1 423,1 0,0 0,0 0,0 0,0 0,2
189,1 542,1 279,1 272,1 0,0 0,0 0,0 0,1
189,1 185,1 196,1 0,0 0,0 0,0 0,0 0,1
439,2 350,1 427,1 0,0 0,0 0,0 0,0 0,1
439,1 279,1 0,0 0,0 0,0 0,0 0,0 0,1
439,2 350,2 185,2 0,0 0,0 0,0 0,0 0,1
439,1 185,1 195,1 427,1 0,0 0,0 0,0 0,3
439,1 196,1 514,1 185,1 0,0 0,0 0,0 0,1
439,1 427,1 196,1 185,1 0,0 0,0 0,0 0,3
189,1 272,1 427,1 335,1 378,1 0,0 0,0 0,2
549,2 514,3 542,2 0,0 0,0 0,0 0,0 0,1
439,2 350,2 427,1 0,0 0,0 0,0 0,0 0,2
439,2 185,1 423,3 0,0 0,0 0,0 0,0 0,1
439,1 427,1 514,1 195,1 0,0 0,0 0,0 0,1
439,1 185,1 192,1 0,0 0,0 0,0 0,0 0,2
500,2 514,3 374,1 0,0 0,0 0,0 0,0 0,1
439,1 427,1 192,1 0,0 0,0 0,0 0,0 0,3
439,1 196,1 195,1 0,0 0,0 0,0 0,0 0,2
439,1 427,1 185,1 195,1 0,0 0,0 0,0 0,1
439,1 542,1 374,1 0,0 0,0 0,0 0,0 0,1
439,1 196,1 185,1 427,1 0,0 0,0 0,0 0,1
439,1 192,1 427,1 0,0 0,0 0,0 0,0 0,1
439,1 423,1 196,1 0,0 0,0 0,0 0,0 0,1
549,1 350,1 0,0 0,0 0,0 0,0 0,0 0,1
439,1 427,1 185,1 542,1 0,0 0,0 0,0 0,1
189,1 427,1 0,0 0,0 0,0 0,0 0,0 0,1
439,2 514,3 350,2 0,0 0,0 0,0 0,0 0,1
