548,1 325,1 0,0 0,0 0,0 0,0 0,0 2,2
438,2 340,3 359,1 366,1 0,0 0,0 0,0 1,1
438,2 340,3 358,2 0,0 0,0 0,0 0,0 1,1
438,2 353,1 426,2 542,2 359,2 0,0 0,0 1,1
438,2 353,3 426,3 542,1 359,2 0,0 0,0 1,1
258,1 542,1 361,1 0,0 0,0 0,0 0,0 1,1
438,1 136,1 361,1 426,1 0,0 0,0 0,0 1,1
438,2 353,1 458,1 358,2 0,0 0,0 0,0 1,1
438,2 361,2 366,1 138,3 0,0 0,0 0,0 1,1
438,2 361,2 364,1 0,0 0,0 0,0 0,0 1,1
438,2 426,3 351,2 366,1 458,2 0,0 0,0 2,2
438,2 353,3 359,2 341,2 366,1 0,0 0,0 3,3
438,2 361,2 426,3 366,1 353,3 0,0 0,0 1,1
438,2 361,2 426,3 353,3 0,0 0,0 0,0 3,3
438,2 361,2 364,2 366,1 0,0 0,0 0,0 3,3
438,1 353,1 355,1 359,1 0,0 0,0 0,0 3,3
438,2 353,1 458,1 359,2 366,1 0,0 0,0 1,1
438,1 361,1 366,1 237,1 0,0 0,0 0,0 1,1
145,1 353,1 366,1 341,1 525,1 0,0 0,0 1,1
438,2 361,1 527,3 0,0 0,0 0,0 0,0 1,1
438,2 361,2 138,2 366,1 0,0 0,0 0,0 1,1
145,2 361,1 359,2 366,1 0,0 0,0 0,0 1,1
438,1 361,1 138,1 366,1 0,0 0,0 0,0 2,2
438,2 366,1 353,3 230,1 359,2 358,2 0,0 2,2
438,2 361,2 366,1 138,2 0,0 0,0 0,0 1,1
438,2 361,2 366,1 364,2 0,0 0,0 0,0 2,2
438,2 361,2 353,3 366,1 426,3 0,0 0,0 1,1
438,2 366,1 342,1 0,0 0,0 0,0 0,0 1,1
438,2 340,3 366,1 351,1 0,0 0,0 0,0 1,1
438,1 361,1 364,1 0,0 0,0 0,0 0,0 1,1
438,2 366,1 361,2 138,2 0,0 0,0 0,0 1,1
438,2 361,1 364,1 366,1 0,0 0,0 0,0 1,1
438,2 361,2 366,1 138,1 0,0 0,0 0,0 1,1
438,2 353,3 458,1 359,2 0,0 0,0 0,0 13,15
258,1 361,1 359,1 366,1 0,0 0,0 0,0 26,30
438,2 361,2 366,1 364,1 0,0 0,0 0,0 6,7
438,2 361,2 364,1 366,1 0,0 0,0 0,0 6,7
438,1 361,1 366,1 138,1 0,0 0,0 0,0 11,13
438,2 361,2 138,1 0,0 0,0 0,0 0,0 5,6
438,2 361,1 138,1 0,0 0,0 0,0 0,0 16,20
438,2 353,3 458,2 359,2 0,0 0,0 0,0 14,18
438,2 353,3 458,1 359,2 366,1 0,0 0,0 10,13
438,2 353,3 458,2 359,2 366,1 0,0 0,0 18,26
438,1 366,1 361,1 138,1 0,0 0,0 0,0 11,16
438,2 361,2 138,1 366,1 0,0 0,0 0,0 2,3
438,2 340,3 359,2 0,0 0,0 0,0 0,0 4,6
438,2 361,2 427,1 0,0 0,0 0,0 0,0 4,6
438,2 353,3 341,2 359,2 0,0 0,0 0,0 2,3
438,2 361,2 427,2 0,0 0,0 0,0 0,0 2,3
438,2 353,1 458,2 359,2 0,0 0,0 0,0 2,3
438,2 353,1 458,2 359,2 366,1 0,0 0,0 2,3
438,2 361,2 138,3 0,0 0,0 0,0 0,0 2,3
438,2 361,1 366,1 138,1 0,0 0,0 0,0 3,5
438,1 361,1 138,1 0,0 0,0 0,0 0,0 296,565
438,1 353,1 359,1 458,1 0,0 0,0 0,0 1,2
438,1 361,1 426,1 353,1 0,0 0,0 0,0 1,2
145,1 361,1 366,1 359,1 0,0 0,0 0,0 1,2
438,2 361,1 138,1 366,1 0,0 0,0 0,0 1,2
438,2 340,3 359,1 0,0 0,0 0,0 0,0 1,2
438,2 361,2 136,1 426,1 0,0 0,0 0,0 1,2
438,2 366,1 361,1 138,1 0,0 0,0 0,0 21,44
438,1 361,1 527,1 0,0 0,0 0,0 0,0 18,38
145,1 361,1 359,1 0,0 0,0 0,0 0,0 29,63
438,1 353,1 426,1 542,1 359,1 0,0 0,0 11,26
438,1 140,1 136,1 0,0 0,0 0,0 0,0 2,5
145,1 361,1 356,1 0,0 0,0 0,0 0,0 3,8
438,1 361,1 427,1 0,0 0,0 0,0 0,0 3,8
438,1 361,1 136,1 426,1 0,0 0,0 0,0 10,29
438,2 340,3 366,1 351,2 0,0 0,0 0,0 1,3
438,1 542,1 341,1 353,1 0,0 0,0 0,0 1,3
438,2 361,1 136,1 426,1 0,0 0,0 0,0 1,3
438,2 353,3 341,2 358,2 0,0 0,0 0,0 1,3
438,1 353,1 341,1 359,1 0,0 0,0 0,0 1,3
145,1 361,1 359,1 366,1 0,0 0,0 0,0 2,6
438,1 342,1 0,0 0,0 0,0 0,0 0,0 3,11
438,2 353,3 458,2 358,2 0,0 0,0 0,0 3,14
438,1 353,1 361,1 426,1 0,0 0,0 0,0 1,5
438,2 342,1 0,0 0,0 0,0 0,0 0,0 1,6
438,1 190,1 0,0 0,0 0,0 0,0 0,0 2,12
438,1 353,1 458,1 359,1 0,0 0,0 0,0 1,8
438,2 366,1 361,1 138,2 0,0 0,0 0,0 0,1
438,2 428,2 351,2 426,3 0,0 0,0 0,0 0,1
438,1 356,1 136,1 135,1 426,1 0,0 0,0 0,2
438,2 353,3 361,1 426,2 0,0 0,0 0,0 0,1
438,2 353,3 361,1 426,3 0,0 0,0 0,0 0,1
438,2 353,1 426,1 542,2 359,1 0,0 0,0 0,1
438,1 527,1 138,1 426,1 542,1 0,0 0,0 0,1
145,1 361,1 527,1 426,1 0,0 0,0 0,0 0,2
438,2 353,1 359,2 341,2 0,0 0,0 0,0 0,1
438,1 428,1 429,1 0,0 0,0 0,0 0,0 0,16
145,1 349,1 351,1 0,0 0,0 0,0 0,0 0,2
438,2 340,3 351,2 0,0 0,0 0,0 0,0 0,1
145,1 361,1 427,1 426,1 0,0 0,0 0,0 0,1
438,1 136,1 526,1 0,0 0,0 0,0 0,0 0,2
145,1 353,1 136,1 426,1 359,1 0,0 0,0 0,1
438,2 353,3 361,2 426,1 0,0 0,0 0,0 0,1
145,2 361,2 351,2 0,0 0,0 0,0 0,0 0,1
449,1 356,3 366,1 542,2 141,1 0,0 0,0 0,1
438,2 426,2 351,2 366,1 458,2 0,0 0,0 0,1
438,1 353,1 361,1 136,1 0,0 0,0 0,0 0,1
438,1 353,1 354,1 358,1 0,0 0,0 0,0 0,1
548,2 325,2 0,0 0,0 0,0 0,0 0,0 0,1
438,2 428,1 139,2 0,0 0,0 0,0 0,0 0,1
438,1 353,1 526,1 0,0 0,0 0,0 0,0 0,2
438,1 526,1 353,1 0,0 0,0 0,0 0,0 0,2
438,2 428,1 429,1 0,0 0,0 0,0 0,0 0,2
438,1 353,1 341,1 358,1 0,0 0,0 0,0 0,2
258,1 361,1 359,1 0,0 0,0 0,0 0,0 0,1
438,1 353,1 355,1 358,1 0,0 0,0 0,0 0,1
438,1 340,1 366,1 351,1 0,0 0,0 0,0 0,1
438,2 138,1 359,2 351,1 0,0 0,0 0,0 0,1
438,1 361,1 136,1 353,1 0,0 0,0 0,0 0,1
438,2 353,2 359,2 341,1 366,1 0,0 0,0 0,1
438,1 361,1 353,1 426,1 0,0 0,0 0,0 0,1
438,1 366,1 428,1 458,1 0,0 0,0 0,0 0,1
145,2 361,1 356,3 0,0 0,0 0,0 0,0 0,1
438,2 340,3 359,2 366,1 0,0 0,0 0,0 0,1
438,1 138,1 361,1 0,0 0,0 0,0 0,0 0,1
438,1 353,1 355,1 359,1 366,1 0,0 0,0 0,1
438,2 353,3 341,2 358,2 366,1 0,0 0,0 0,2
438,2 426,1 351,2 366,1 458,2 0,0 0,0 0,1
438,2 356,3 357,3 0,0 0,0 0,0 0,0 0,1
438,1 428,1 355,1 0,0 0,0 0,0 0,0 0,1
438,1 356,1 428,1 353,1 0,0 0,0 0,0 0,1
438,2 353,3 341,2 358,1 0,0 0,0 0,0 0,2
438,2 140,1 353,3 366,1 0,0 0,0 0,0 0,1
438,1 527,1 424,1 358,1 0,0 0,0 0,0 0,1
438,2 361,2 364,2 0,0 0,0 0,0 0,0 0,1
438,2 353,3 458,1 358,2 0,0 0,0 0,0 0,1
438,2 341,2 353,3 359,2 0,0 0,0 0,0 0,1
438,1 340,1 359,1 0,0 0,0 0,0 0,0 0,1
438,1 361,1 353,1 136,1 0,0 0,0 0,0 0,1
438,1 527,1 353,1 136,1 356,1 426,1 0,0 0,1
438,1 140,1 353,1 0,0 0,0 0,0 0,0 0,1
438,2 366,1 361,2 138,3 0,0 0,0 0,0 0,1
