437,2 383,3 459,2 394,1 387,2 392,2 0,0 1,1
178,1 339,1 175,1 0,0 0,0 0,0 0,0 1,1
178,1 169,1 339,1 172,1 381,1 0,0 0,0 2,2
437,1 394,1 339,1 387,1 0,0 0,0 0,0 1,1
437,2 339,1 387,1 0,0 0,0 0,0 0,0 2,2
178,1 542,1 339,1 381,1 394,1 0,0 0,0 1,1
437,2 339,1 381,3 172,2 0,0 0,0 0,0 1,1
437,2 426,3 337,3 175,2 351,2 394,1 0,0 1,1
437,2 428,2 459,2 394,1 392,2 172,1 0,0 1,1
437,2 381,3 542,1 519,2 426,3 0,0 0,0 1,1
437,1 394,1 381,1 339,1 392,1 0,0 0,0 1,1
437,2 383,3 459,1 337,3 394,1 392,1 0,0 1,1
178,1 339,1 0,0 0,0 0,0 0,0 0,0 1,1
437,2 388,2 459,1 394,1 0,0 0,0 0,0 1,1
498,2 426,2 339,1 0,0 0,0 0,0 0,0 1,1
178,1 542,1 339,1 394,1 381,1 0,0 0,0 1,1
437,2 383,3 381,3 382,3 386,2 0,0 0,0 1,1
178,1 542,1 339,1 426,1 0,0 0,0 0,0 1,1
437,2 428,1 459,2 172,1 392,1 0,0 0,0 1,1
437,2 339,1 448,1 0,0 0,0 0,0 0,0 1,1
437,2 428,2 381,3 351,2 337,3 0,0 0,0 1,1
178,2 339,1 351,2 381,3 0,0 0,0 0,0 1,1
437,2 339,1 351,2 394,1 0,0 0,0 0,0 1,1
437,2 459,2 351,2 382,3 381,3 394,1 0,0 1,1
437,2 428,2 459,2 394,1 337,3 381,3 0,0 2,2
178,1 349,1 337,1 0,0 0,0 0,0 0,0 1,1
437,2 381,3 428,2 394,1 385,3 0,0 0,0 1,1
178,1 169,1 542,1 339,1 0,0 0,0 0,0 3,4
178,1 426,1 542,1 339,1 0,0 0,0 0,0 10,14
437,1 169,1 381,1 426,1 517,1 172,1 542,1 2,3
437,2 387,2 424,2 337,3 172,1 0,0 0,0 4,6
437,2 383,3 459,2 337,3 392,2 394,1 0,0 2,3
437,2 387,2 424,3 337,3 172,1 0,0 0,0 2,3
178,1 383,1 387,1 385,1 0,0 0,0 0,0 2,3
178,1 339,1 387,1 169,1 0,0 0,0 0,0 7,11
178,1 339,1 392,1 172,1 0,0 0,0 0,0 12,19
437,1 394,1 426,1 339,1 392,1 0,0 0,0 8,13
178,1 339,1 381,1 387,1 0,0 0,0 0,0 80,132
437,2 387,1 424,3 337,3 172,1 0,0 0,0 3,5
437,1 387,1 424,1 337,1 172,1 0,0 0,0 3,5
178,1 339,1 387,1 381,1 0,0 0,0 0,0 61,103
178,1 542,1 519,1 172,1 169,1 0,0 0,0 4,7
437,1 542,1 339,1 0,0 0,0 0,0 0,0 66,116
178,1 387,1 542,1 519,1 0,0 0,0 0,0 37,72
437,2 394,1 426,3 339,1 392,1 0,0 0,0 3,6
437,1 519,1 172,1 387,1 0,0 0,0 0,0 2,4
178,1 339,1 387,1 381,1 394,1 0,0 0,0 2,4
437,2 428,2 459,1 394,1 337,3 381,3 0,0 1,2
437,2 387,1 424,1 337,3 172,1 0,0 0,0 1,2
437,2 339,1 351,2 0,0 0,0 0,0 0,0 1,2
437,2 394,1 339,1 387,2 0,0 0,0 0,0 1,2
437,2 339,1 387,1 394,1 0,0 0,0 0,0 1,2
437,1 381,1 426,1 542,1 519,1 0,0 0,0 1,2
178,1 542,1 339,1 381,1 0,0 0,0 0,0 1,2
437,1 339,1 387,1 394,1 0,0 0,0 0,0 1,2
178,1 381,1 387,1 424,1 337,1 427,1 0,0 1,2
178,1 339,1 169,1 381,1 172,1 0,0 0,0 1,2
437,2 339,1 459,2 394,1 0,0 0,0 0,0 1,2
437,2 339,1 387,2 394,1 0,0 0,0 0,0 2,4
437,2 542,2 339,1 0,0 0,0 0,0 0,0 4,8
437,2 394,1 426,1 339,1 392,1 0,0 0,0 5,10
437,1 339,1 542,1 0,0 0,0 0,0 0,0 10,21
178,1 339,1 387,1 0,0 0,0 0,0 0,0 89,199
437,1 381,1 169,1 519,1 172,1 426,1 0,0 8,18
437,1 339,1 387,1 0,0 0,0 0,0 0,0 17,39
437,1 542,1 519,1 172,1 0,0 0,0 0,0 5,12
178,1 381,1 339,1 172,1 169,1 0,0 0,0 4,10
437,1 339,1 172,1 0,0 0,0 0,0 0,0 2,5
437,1 426,1 169,1 381,1 519,1 172,1 0,0 22,59
437,2 542,1 339,1 0,0 0,0 0,0 0,0 4,11
178,1 381,1 339,1 424,1 0,0 0,0 0,0 6,17
178,1 174,1 387,1 172,1 0,0 0,0 0,0 9,26
437,2 394,1 426,2 339,1 392,1 0,0 0,0 1,3
178,1 339,1 387,1 169,1 394,1 0,0 0,0 2,6
178,1 339,1 169,1 387,1 0,0 0,0 0,0 1,3
437,2 339,1 387,2 0,0 0,0 0,0 0,0 4,12
437,1 169,1 339,1 172,1 0,0 0,0 0,0 1,3
437,2 394,1 426,2 339,1 392,2 0,0 0,0 1,3
178,1 427,1 426,1 519,1 169,1 172,1 0,0 2,7
437,2 339,1 459,2 0,0 0,0 0,0 0,0 2,7
437,1 521,1 426,1 0,0 0,0 0,0 0,0 3,11
437,1 339,1 459,1 0,0 0,0 0,0 0,0 1,4
178,1 339,1 387,1 426,1 0,0 0,0 0,0 1,5
437,1 388,1 387,1 0,0 0,0 0,0 0,0 1,5
178,1 339,1 381,1 172,1 169,1 0,0 0,0 1,5
437,1 381,1 521,1 0,0 0,0 0,0 0,0 2,11
178,1 381,1 389,1 338,1 172,1 0,0 0,0 1,6
437,1 339,1 351,1 0,0 0,0 0,0 0,0 1,7
437,1 381,1 337,1 387,1 382,1 0,0 0,0 0,1
437,1 381,1 169,1 429,1 173,1 0,0 0,0 0,1
178,1 381,1 169,1 426,1 172,1 427,1 0,0 0,4
437,1 388,1 169,1 427,1 0,0 0,0 0,0 0,1
437,1 383,1 168,1 424,1 381,1 0,0 0,0 0,1
437,1 521,1 169,1 0,0 0,0 0,0 0,0 0,2
437,1 544,1 169,1 382,1 0,0 0,0 0,0 0,2
437,2 394,1 339,1 276,1 0,0 0,0 0,0 0,1
437,1 381,1 544,1 169,1 542,1 0,0 0,0 0,1
437,1 174,1 387,1 381,1 0,0 0,0 0,0 0,1
437,1 381,1 544,1 426,1 542,1 0,0 0,0 0,1
437,1 383,1 542,1 517,1 172,1 0,0 0,0 0,1
437,2 426,1 169,1 381,1 519,1 172,1 0,0 0,1
437,1 521,1 381,1 0,0 0,0 0,0 0,0 0,10
547,1 381,1 337,1 306,1 0,0 0,0 0,0 0,1
437,2 381,1 459,1 389,2 386,1 0,0 0,0 0,1
437,1 426,1 382,1 351,1 427,1 381,1 0,0 0,1
437,2 337,3 459,2 351,1 381,3 0,0 0,0 0,2
437,1 542,1 519,1 426,1 381,1 0,0 0,0 0,1
178,1 381,1 339,1 387,1 0,0 0,0 0,0 0,2
437,1 383,1 519,1 172,1 0,0 0,0 0,0 0,1
437,2 383,3 381,3 394,1 426,3 351,2 517,1 0,1
437,1 381,1 382,1 385,1 0,0 0,0 0,0 0,1
437,1 428,1 387,1 196,1 0,0 0,0 0,0 0,1
437,1 381,1 394,1 339,1 427,1 0,0 0,0 0,1
437,1 190,1 426,1 172,1 0,0 0,0 0,0 0,1
437,2 428,2 520,1 0,0 0,0 0,0 0,0 0,1
437,2 381,3 339,1 392,1 0,0 0,0 0,0 0,1
178,1 381,1 387,1 426,1 452,1 424,1 0,0 0,1
437,2 383,3 459,1 424,1 392,1 394,1 0,0 0,1
178,1 387,1 381,1 424,1 337,1 427,1 0,0 0,1
178,1 169,1 519,1 0,0 0,0 0,0 0,0 0,1
437,2 383,3 381,1 337,2 351,1 394,1 426,3 0,1
437,2 428,2 381,1 172,1 175,1 0,0 0,0 0,1
437,1 383,1 381,1 387,1 382,1 0,0 0,0 0,1
437,1 383,1 381,1 425,1 0,0 0,0 0,0 0,1
437,1 381,1 424,1 337,1 542,1 426,1 0,0 0,1
178,1 383,1 542,1 519,1 0,0 0,0 0,0 0,1
437,1 381,1 337,1 338,1 172,1 0,0 0,0 0,1
437,2 381,3 383,3 424,3 175,2 394,1 0,0 0,1
178,1 381,1 169,1 194,1 389,1 172,1 0,0 0,1
437,1 542,1 339,1 394,1 0,0 0,0 0,0 0,1
178,1 381,1 387,1 424,1 427,1 351,1 0,0 0,1
437,1 388,1 426,1 172,1 0,0 0,0 0,0 0,1
178,1 381,1 542,1 339,1 0,0 0,0 0,0 0,1
437,1 381,1 387,1 389,1 386,1 0,0 0,0 0,1
437,2 251,1 459,2 392,1 382,3 0,0 0,0 0,1
178,1 542,1 339,1 169,1 0,0 0,0 0,0 0,1
547,1 169,1 0,0 0,0 0,0 0,0 0,0 0,1
178,1 339,1 426,1 387,1 0,0 0,0 0,0 0,1
547,1 544,1 542,1 0,0 0,0 0,0 0,0 0,1
437,2 169,3 381,3 517,1 385,3 0,0 0,0 0,1
437,2 519,1 382,3 394,1 381,3 0,0 0,0 0,1
437,2 443,1 351,1 426,3 169,3 394,1 0,0 0,1
437,2 387,2 338,2 172,1 381,3 394,1 0,0 0,1
437,1 542,1 519,1 381,1 426,1 0,0 0,0 0,1
437,2 428,1 424,3 351,2 394,1 426,1 0,0 0,1
178,2 394,1 542,2 339,1 381,3 0,0 0,0 0,1
437,1 544,1 169,1 426,1 424,1 0,0 0,0 0,1
437,2 394,1 383,1 172,1 385,1 0,0 0,0 0,1
178,1 381,1 339,1 387,1 394,1 0,0 0,0 0,1
437,1 381,1 169,1 386,1 389,1 172,1 0,0 0,1
437,1 381,1 544,1 191,1 426,1 0,0 0,0 0,1
178,1 381,1 0,0 0,0 0,0 0,0 0,0 0,2
437,1 190,1 426,1 427,1 0,0 0,0 0,0 0,1
437,1 381,1 190,1 426,1 169,1 0,0 0,0 0,1
437,2 394,1 459,2 339,1 0,0 0,0 0,0 0,1
178,1 339,1 172,1 392,1 394,1 0,0 0,0 0,1
178,1 381,1 339,1 459,1 394,1 0,0 0,0 0,1
