224,1 436,1 336,1 371,1 0,0 0,0 0,0 1,1
552,1 483,1 289,1 0,0 0,0 0,0 0,0 1,1
552,2 315,1 448,1 0,0 0,0 0,0 0,0 1,1
442,1 436,1 359,2 448,1 341,2 0,0 0,0 1,1
552,1 436,1 407,1 0,0 0,0 0,0 0,0 1,1
442,1 436,1 458,1 362,1 0,0 0,0 0,0 2,2
442,1 436,1 430,1 341,2 0,0 0,0 0,0 1,1
503,1 492,1 0,0 0,0 0,0 0,0 0,0 1,1
291,1 436,1 493,1 0,0 0,0 0,0 0,0 1,1
291,1 339,1 175,2 0,0 0,0 0,0 0,0 1,1
442,1 436,1 448,1 406,1 0,0 0,0 0,0 3,3
442,1 339,1 493,1 0,0 0,0 0,0 0,0 1,1
291,1 269,1 0,0 0,0 0,0 0,0 0,0 1,1
291,1 339,1 175,1 0,0 0,0 0,0 0,0 1,1
503,1 436,1 448,1 406,1 0,0 0,0 0,0 1,1
442,1 436,1 513,1 371,3 0,0 0,0 0,0 1,1
552,2 436,1 406,1 0,0 0,0 0,0 0,0 1,1
552,2 194,1 429,1 402,1 0,0 0,0 0,0 1,1
552,1 430,1 448,1 429,1 0,0 0,0 0,0 1,2
442,1 436,1 406,1 0,0 0,0 0,0 0,0 3,7
552,1 513,1 0,0 0,0 0,0 0,0 0,0 1,3
224,1 345,1 0,0 0,0 0,0 0,0 0,0 1,3
503,2 339,1 0,0 0,0 0,0 0,0 0,0 1,5
224,1 345,1 415,1 0,0 0,0 0,0 0,0 2,11
262,2 492,1 0,0 0,0 0,0 0,0 0,0 0,1
552,1 315,1 0,0 0,0 0,0 0,0 0,0 0,1
552,1 345,1 415,1 0,0 0,0 0,0 0,0 0,2
224,1 339,1 0,0 0,0 0,0 0,0 0,0 0,1
224,1 429,1 0,0 0,0 0,0 0,0 0,0 0,1
552,1 345,1 0,0 0,0 0,0 0,0 0,0 0,1
224,1 341,1 359,1 141,1 0,0 0,0 0,0 0,4
224,1 371,1 373,1 429,1 0,0 0,0 0,0 0,2
552,1 436,1 339,1 0,0 0,0 0,0 0,0 0,2
262,1 188,1 429,1 0,0 0,0 0,0 0,0 0,1
552,1 339,1 429,1 0,0 0,0 0,0 0,0 0,1
442,1 345,2 486,2 0,0 0,0 0,0 0,0 0,1
442,1 486,2 345,1 0,0 0,0 0,0 0,0 0,1
552,2 519,2 0,0 0,0 0,0 0,0 0,0 0,1
552,2 519,1 0,0 0,0 0,0 0,0 0,0 0,1
552,1 519,1 0,0 0,0 0,0 0,0 0,0 0,3
552,1 523,1 0,0 0,0 0,0 0,0 0,0 0,1
442,1 436,1 371,1 336,1 0,0 0,0 0,0 0,1
224,1 429,1 194,1 0,0 0,0 0,0 0,0 0,1
224,1 513,1 373,1 371,1 0,0 0,0 0,0 0,1
224,1 373,1 371,1 513,1 0,0 0,0 0,0 0,1
224,1 513,1 373,1 429,1 0,0 0,0 0,0 0,1
224,2 492,1 0,0 0,0 0,0 0,0 0,0 0,1
