439,2 376,1 271,1 188,1 371,3 186,1 372,2 1,1
439,2 376,1 253,1 371,3 372,2 430,1 350,2 3,3
439,1 375,1 184,1 373,1 430,1 371,1 372,1 1,1
439,2 376,1 253,1 372,2 371,3 430,1 350,2 2,2
439,2 376,1 373,2 371,3 430,1 242,1 372,2 1,1
439,1 376,1 184,1 372,1 373,1 371,1 423,1 1,1
439,2 376,1 253,2 371,3 372,2 430,1 350,2 1,1
439,2 184,1 271,1 253,1 371,3 468,1 372,2 1,1
439,2 375,2 465,3 468,2 253,1 430,2 372,1 1,1
439,2 376,2 372,2 373,2 371,3 379,1 336,1 2,2
439,2 376,1 372,2 371,3 448,1 373,2 188,1 1,1
509,1 372,2 373,2 430,1 496,1 468,1 371,3 1,1
439,2 376,1 372,2 253,1 371,3 430,1 350,2 1,1
439,1 511,1 372,1 373,1 242,1 371,1 374,1 1,1
439,2 376,1 432,1 315,1 371,3 430,2 372,2 1,1
439,1 184,1 375,1 372,1 373,1 335,1 371,1 1,1
509,1 375,2 376,1 371,3 423,3 467,1 372,2 1,1
439,1 376,1 373,1 371,1 379,1 430,1 372,1 3,3
439,2 376,1 373,2 371,3 379,1 430,1 372,2 2,2
509,1 375,2 540,1 371,3 467,1 374,2 372,2 1,1
549,1 515,1 543,1 513,1 313,1 542,1 451,1 1,1
439,2 184,1 375,2 372,2 373,1 371,3 429,2 1,1
439,1 375,1 372,1 430,1 379,1 371,1 373,1 1,1
439,2 376,1 253,1 371,3 242,1 373,2 372,2 1,1
439,2 334,1 372,2 426,3 429,1 430,1 374,1 1,1
549,1 515,1 543,1 542,1 316,1 451,1 0,0 1,1
439,2 376,2 375,2 372,2 371,3 430,2 374,2 1,1
509,1 376,2 271,1 469,1 556,1 467,2 372,2 1,1
439,2 375,2 465,2 468,2 253,1 430,1 372,1 1,1
509,1 375,2 376,2 371,3 379,1 377,2 374,2 1,1
439,2 376,1 372,2 253,1 430,1 371,3 350,2 1,1
509,1 514,1 376,2 542,1 371,3 249,1 368,3 1,1
439,2 184,2 188,1 371,2 379,1 249,1 469,1 1,1
509,1 511,1 376,2 446,1 373,2 377,1 372,1 1,1
259,1 375,1 188,1 242,1 371,1 312,1 372,1 1,1
439,2 376,1 253,1 371,3 430,1 372,2 350,2 1,1
439,2 184,1 372,1 373,1 374,2 371,3 242,2 1,1
509,1 334,3 226,1 372,2 279,2 469,1 186,1 1,1
439,1 376,1 372,1 496,1 429,1 371,1 373,1 1,1
439,2 184,1 373,1 511,1 371,2 194,1 372,1 1,1
439,2 184,1 373,1 511,1 371,3 194,1 372,1 1,1
439,1 184,1 425,1 372,1 194,1 371,1 373,1 1,1
439,2 376,1 373,2 379,1 430,2 371,3 372,2 8,8
549,1 515,1 514,1 513,1 0,0 0,0 0,0 1,1
439,2 184,1 372,2 373,2 374,2 371,3 242,1 4,4
439,2 515,3 508,3 312,2 373,2 371,3 372,2 1,1
439,2 184,1 375,2 350,2 373,2 372,1 371,3 1,1
439,2 376,2 315,1 469,1 371,3 379,1 372,2 1,1
439,2 184,1 372,2 373,2 374,1 371,3 242,1 3,3
189,1 543,1 451,1 0,0 0,0 0,0 0,0 1,1
439,2 184,1 372,1 373,2 374,2 371,3 242,2 1,1
439,2 376,2 315,1 540,1 242,3 467,2 494,3 1,1
439,2 184,1 372,1 373,2 374,1 371,3 242,1 1,1
439,2 376,1 508,1 373,2 430,1 371,3 372,2 1,1
439,2 184,1 372,2 375,2 373,2 371,3 374,2 7,8
439,1 184,1 373,1 511,1 371,1 194,1 372,1 13,15
439,1 184,1 373,1 379,1 371,1 194,1 372,1 5,6
439,1 184,1 373,1 371,1 511,1 374,1 372,1 5,6
439,1 184,1 372,1 373,1 371,1 379,1 374,1 9,11
439,2 376,1 372,2 373,2 371,3 379,1 336,1 13,19
439,2 184,1 372,1 373,1 374,1 371,3 242,1 4,6
439,1 376,1 372,1 373,1 371,1 379,1 336,1 4,6
439,1 375,1 465,1 468,1 253,1 430,1 372,1 6,9
439,1 375,1 184,1 372,1 371,1 373,1 194,1 4,6
439,1 511,1 375,1 372,1 373,1 371,1 374,1 2,3
439,1 184,1 540,1 372,1 373,1 371,1 374,1 3,5
439,1 184,1 372,1 373,1 374,1 371,1 242,1 29,49
439,1 184,1 511,1 373,1 371,1 372,1 543,1 10,17
189,1 514,1 543,1 544,1 513,1 0,0 0,0 1,2
189,1 515,1 544,1 349,1 451,1 0,0 0,0 1,2
439,1 184,1 372,1 373,1 371,1 374,1 543,1 2,4
509,1 375,2 334,3 376,1 368,3 371,3 425,3 1,2
439,1 368,1 184,1 373,1 372,1 335,1 371,1 7,14
439,1 184,1 375,1 372,1 373,1 371,1 429,1 4,8
439,2 376,1 253,1 372,2 371,3 242,1 373,2 1,2
439,1 184,1 373,1 372,1 350,1 374,1 371,1 1,2
439,2 184,1 375,2 350,2 373,2 372,2 371,3 1,2
439,1 184,1 425,1 374,1 371,1 373,1 372,1 13,26
439,2 184,1 375,1 372,1 373,1 429,1 371,3 4,9
439,2 184,1 375,1 373,1 372,1 423,1 371,3 7,16
439,1 184,1 425,1 374,1 373,1 371,1 372,1 3,7
439,1 184,1 375,1 373,1 374,1 372,1 371,1 4,10
439,1 184,1 374,1 373,1 371,1 423,1 372,1 5,13
439,1 184,1 375,1 372,1 373,1 429,1 371,1 48,127
439,1 184,1 425,1 372,1 373,1 371,1 374,1 3,8
439,1 184,1 373,1 374,1 423,1 372,1 371,1 3,8
439,1 368,1 184,1 373,1 372,1 510,1 371,1 3,8
439,1 375,1 184,1 372,1 373,1 371,1 423,1 4,11
189,1 514,1 543,1 544,1 513,1 542,1 451,1 1,3
439,1 184,1 375,1 372,1 373,1 510,1 371,1 1,3
189,1 515,1 514,1 543,1 544,1 0,0 0,0 1,3
189,1 515,1 514,1 543,1 513,1 544,1 351,1 1,3
439,1 184,1 375,1 373,1 372,1 423,1 371,1 8,30
189,1 515,1 514,1 543,1 513,1 544,1 542,1 2,8
439,1 184,1 543,1 511,1 373,1 371,1 372,1 1,4
439,1 368,1 184,1 371,1 372,1 373,1 423,1 1,4
189,1 375,1 425,1 180,1 427,1 374,1 185,1 1,4
549,1 515,1 514,1 513,1 542,1 543,1 544,1 1,4
189,1 515,1 514,1 543,1 513,1 544,1 0,0 1,5
439,1 184,1 373,1 183,1 371,1 429,1 372,1 10,53
439,1 375,1 184,1 372,1 373,1 371,1 543,1 1,7
189,1 375,1 0,0 0,0 0,0 0,0 0,0 1,8
439,1 370,1 180,1 373,1 429,1 514,1 542,1 0,1
439,2 376,1 253,1 371,3 242,1 372,2 373,2 0,1
439,1 375,1 184,1 373,1 371,1 423,1 372,1 0,1
439,1 184,1 373,1 371,1 423,1 374,1 372,1 0,1
439,2 376,1 253,1 242,1 371,3 372,2 373,2 0,1
439,1 375,1 184,1 373,1 371,1 374,1 372,1 0,1
439,1 184,1 372,1 375,1 373,1 371,1 374,1 0,2
439,1 368,1 184,1 430,1 372,1 379,1 371,1 0,1
439,1 368,1 184,1 428,1 191,1 193,1 185,1 0,2
189,1 424,1 0,0 0,0 0,0 0,0 0,0 0,6
189,1 514,1 543,1 544,1 510,1 0,0 0,0 0,1
439,1 184,1 510,1 373,1 430,1 372,1 371,1 0,1
439,1 184,1 510,1 372,1 373,1 371,1 423,1 0,2
439,2 184,1 375,1 373,1 372,1 423,1 371,1 0,1
549,2 540,1 543,2 513,1 514,2 542,1 515,2 0,1
439,1 184,1 372,1 373,1 371,1 350,1 374,1 0,1
439,2 376,1 430,1 371,3 242,1 373,2 372,2 0,1
439,2 334,3 372,2 351,2 429,2 374,2 543,1 0,1
439,1 184,1 375,1 350,1 373,1 372,1 371,1 0,3
189,1 515,1 514,1 544,1 513,1 0,0 0,0 0,3
439,2 375,2 334,1 368,3 372,2 371,3 374,2 0,1
439,2 180,1 469,1 351,2 429,2 179,3 190,3 0,1
439,1 184,1 425,1 544,1 191,1 194,1 542,1 0,1
259,1 184,1 372,1 371,1 374,1 377,1 242,1 0,1
439,1 368,1 515,1 375,1 184,1 179,1 195,1 0,1
549,1 334,1 350,1 426,1 513,1 514,1 425,1 0,1
549,1 334,1 350,1 426,1 425,1 349,1 544,1 0,1
439,1 370,1 184,1 544,1 424,1 373,1 542,1 0,1
439,1 184,1 373,1 372,1 374,1 371,1 423,1 0,1
439,1 375,1 184,1 373,1 372,1 371,1 374,1 0,1
500,2 376,2 379,1 351,2 429,2 242,2 374,2 0,1
439,2 376,2 379,1 351,2 429,2 430,2 335,2 0,1
439,2 368,1 184,1 373,1 372,1 510,1 371,1 0,1
549,2 334,3 448,1 351,2 429,1 242,1 374,2 0,1
439,1 375,1 184,1 190,1 372,1 373,1 371,1 0,2
439,1 181,1 194,1 513,1 427,1 185,1 374,1 0,2
259,1 184,1 425,1 372,1 374,1 375,1 543,1 0,1
439,2 376,1 430,1 253,1 372,2 371,3 350,2 0,1
439,1 184,1 375,1 373,1 423,1 371,1 372,1 0,1
509,1 334,3 511,1 351,1 429,1 374,1 543,3 0,1
549,1 334,1 350,1 426,1 514,1 425,1 515,1 0,1
439,2 184,1 375,1 373,2 372,1 423,1 371,3 0,1
439,2 184,1 425,1 374,2 371,1 373,2 372,2 0,1
439,1 375,1 184,1 373,1 371,1 543,1 372,1 0,1
439,1 184,1 373,1 429,1 371,1 511,1 372,1 0,1
439,2 376,1 377,1 426,1 429,1 242,1 374,1 0,1
439,1 367,1 184,1 513,1 373,1 196,1 185,1 0,1
189,1 426,1 0,0 0,0 0,0 0,0 0,0 0,12
439,2 376,2 379,1 351,2 336,1 335,2 446,1 0,1
549,2 184,1 515,3 543,3 312,1 371,1 368,1 0,1
439,1 370,1 181,1 428,1 185,1 427,1 423,1 0,1
439,1 515,1 190,1 374,1 196,1 423,1 195,1 0,1
549,2 376,2 379,1 351,2 429,2 430,2 374,2 0,1
439,2 184,1 373,1 367,1 183,1 194,1 371,1 0,1
439,1 184,1 373,1 374,1 372,1 371,1 423,1 0,1
439,2 184,1 511,1 373,1 371,3 372,1 543,3 0,2
439,1 181,1 190,1 194,1 542,1 192,1 427,1 0,1
439,2 184,1 372,1 373,2 374,2 371,3 242,1 0,1
439,2 376,1 379,1 351,1 429,1 430,1 190,1 0,1
439,1 184,1 375,1 373,1 179,1 371,1 372,1 0,1
439,2 184,1 425,1 374,1 371,3 373,1 372,1 0,1
439,1 184,1 372,1 425,1 374,1 371,1 373,1 0,1
439,1 375,1 184,1 372,1 373,1 371,1 194,1 0,1
549,1 334,1 350,1 426,1 543,1 514,1 542,1 0,1
189,1 451,1 0,0 0,0 0,0 0,0 0,0 0,1
439,1 184,1 334,1 372,1 373,1 371,1 374,1 0,1
439,1 184,1 372,1 373,1 371,1 429,1 374,1 0,2
439,1 375,1 184,1 373,1 423,1 371,1 372,1 0,1
439,2 376,1 462,1 351,2 429,1 430,1 374,2 0,1
549,2 515,3 543,3 513,2 514,3 542,1 544,2 0,1
439,2 184,1 372,1 373,1 371,3 379,1 374,1 0,1
549,2 372,1 184,1 373,1 371,3 242,1 315,1 0,1
189,1 515,1 543,1 544,1 0,0 0,0 0,0 0,1
189,1 515,1 544,1 0,0 0,0 0,0 0,0 0,2
439,2 184,1 425,1 374,1 371,3 373,2 372,2 0,1
189,1 451,1 544,1 0,0 0,0 0,0 0,0 0,1
439,2 376,2 379,1 351,2 429,2 430,2 374,2 0,1
