439,2 367,3 426,1 373,1 183,1 0,0 0,0 1,1
439,2 428,2 373,2 0,0 0,0 0,0 0,0 1,1
259,2 180,3 371,3 272,3 0,0 0,0 0,0 1,1
439,2 180,1 373,2 183,1 0,0 0,0 0,0 1,1
439,2 426,1 514,2 373,2 0,0 0,0 0,0 1,1
439,2 367,3 426,3 373,2 183,1 0,0 0,0 1,1
439,2 370,3 373,2 426,3 0,0 0,0 0,0 1,1
259,1 184,1 272,1 0,0 0,0 0,0 0,0 2,2
439,2 370,2 367,3 373,2 0,0 0,0 0,0 1,1
439,2 367,3 369,3 373,2 0,0 0,0 0,0 1,1
259,1 184,1 180,1 0,0 0,0 0,0 0,0 1,1
259,2 184,2 426,3 367,3 0,0 0,0 0,0 1,1
278,1 371,3 0,0 0,0 0,0 0,0 0,0 3,3
439,2 514,2 373,2 0,0 0,0 0,0 0,0 1,1
439,2 426,3 367,1 373,2 183,1 0,0 0,0 1,1
439,2 514,3 373,1 367,3 0,0 0,0 0,0 1,1
278,1 368,3 0,0 0,0 0,0 0,0 0,0 1,1
259,2 180,3 370,3 369,3 427,1 0,0 0,0 1,1
439,2 426,3 370,3 373,2 0,0 0,0 0,0 1,1
259,1 375,1 273,1 0,0 0,0 0,0 0,0 1,1
439,2 367,2 180,3 371,2 0,0 0,0 0,0 1,1
439,2 367,3 370,3 373,1 0,0 0,0 0,0 1,1
259,2 367,3 370,3 371,3 0,0 0,0 0,0 1,1
259,1 370,1 367,1 371,1 0,0 0,0 0,0 1,1
259,1 180,1 184,1 0,0 0,0 0,0 0,0 1,1
259,1 180,1 429,1 183,1 427,1 0,0 0,0 1,1
189,2 184,2 183,2 0,0 0,0 0,0 0,0 1,1
278,1 428,2 0,0 0,0 0,0 0,0 0,0 1,1
259,1 180,1 427,1 183,1 196,1 0,0 0,0 1,1
259,2 514,3 371,3 367,3 0,0 0,0 0,0 1,1
439,2 367,3 373,1 183,1 0,0 0,0 0,0 2,2
439,2 180,1 373,1 183,1 0,0 0,0 0,0 1,1
439,2 426,3 514,3 373,2 0,0 0,0 0,0 1,1
439,2 426,3 367,1 373,1 183,1 0,0 0,0 1,1
439,2 180,3 367,3 371,3 0,0 0,0 0,0 1,1
439,2 426,3 367,3 373,2 183,1 0,0 0,0 1,1
439,2 426,1 514,1 373,2 0,0 0,0 0,0 1,1
259,1 184,1 183,1 0,0 0,0 0,0 0,0 39,46
439,1 367,1 426,1 373,1 183,1 0,0 0,0 4,5
439,1 180,1 373,1 183,1 0,0 0,0 0,0 15,20
439,2 370,3 426,3 373,2 0,0 0,0 0,0 3,4
189,1 427,1 184,1 0,0 0,0 0,0 0,0 9,12
439,2 426,3 367,3 373,1 183,1 0,0 0,0 7,10
439,2 426,1 367,3 373,1 183,1 0,0 0,0 9,13
189,1 184,1 183,1 0,0 0,0 0,0 0,0 61,89
259,1 184,1 367,1 426,1 0,0 0,0 0,0 24,36
259,1 180,1 375,1 0,0 0,0 0,0 0,0 2,3
439,1 426,1 367,1 373,1 183,1 0,0 0,0 184,298
439,2 370,3 371,3 0,0 0,0 0,0 0,0 8,13
439,2 367,3 426,3 373,1 183,1 0,0 0,0 3,5
439,2 367,3 426,2 373,1 183,1 0,0 0,0 3,5
439,2 370,3 367,3 373,2 0,0 0,0 0,0 9,15
439,1 426,1 367,1 183,1 373,1 0,0 0,0 94,164
259,1 370,1 371,1 426,1 0,0 0,0 0,0 6,11
439,2 426,2 514,3 373,2 0,0 0,0 0,0 1,2
439,2 370,1 367,3 373,2 0,0 0,0 0,0 1,2
259,2 367,3 180,3 371,3 426,3 0,0 0,0 1,2
439,1 451,1 367,1 373,1 0,0 0,0 0,0 1,2
259,1 375,1 272,1 0,0 0,0 0,0 0,0 1,2
259,1 375,1 367,1 0,0 0,0 0,0 0,0 1,2
439,1 184,1 367,1 0,0 0,0 0,0 0,0 1,2
439,2 367,3 370,3 373,2 0,0 0,0 0,0 2,4
439,1 184,1 426,1 0,0 0,0 0,0 0,0 3,6
439,1 367,1 514,1 373,1 0,0 0,0 0,0 52,124
439,1 426,1 542,1 373,1 0,0 0,0 0,0 7,17
439,2 367,3 373,2 426,1 183,1 0,0 0,0 2,5
439,2 367,3 451,3 373,2 0,0 0,0 0,0 2,5
189,1 184,1 367,1 426,1 0,0 0,0 0,0 3,8
439,1 428,1 373,1 0,0 0,0 0,0 0,0 1,3
439,1 367,1 180,1 371,1 0,0 0,0 0,0 1,3
549,1 515,1 0,0 0,0 0,0 0,0 0,0 2,7
439,2 367,3 373,2 426,1 183,2 0,0 0,0 1,4
439,1 367,1 373,1 183,1 426,1 0,0 0,0 1,4
439,2 426,1 367,1 183,1 373,1 0,0 0,0 1,4
189,1 184,1 427,1 0,0 0,0 0,0 0,0 1,4
439,2 428,1 373,2 0,0 0,0 0,0 0,0 3,13
439,1 515,1 426,1 427,1 0,0 0,0 0,0 1,5
439,1 514,1 373,1 367,1 0,0 0,0 0,0 1,5
439,1 367,1 181,1 513,1 0,0 0,0 0,0 1,8
439,1 375,1 426,1 0,0 0,0 0,0 0,0 5,62
439,2 375,2 426,1 0,0 0,0 0,0 0,0 2,36
439,2 367,3 514,3 373,2 0,0 0,0 0,0 0,2
549,2 334,3 0,0 0,0 0,0 0,0 0,0 0,1
439,2 367,3 369,3 335,1 0,0 0,0 0,0 0,1
439,1 367,1 184,1 0,0 0,0 0,0 0,0 0,2
278,1 367,3 428,2 0,0 0,0 0,0 0,0 0,1
439,1 375,1 367,1 0,0 0,0 0,0 0,0 0,1
439,1 370,1 544,1 0,0 0,0 0,0 0,0 0,4
189,1 367,1 373,1 542,1 426,1 0,0 0,0 0,1
439,1 367,1 542,1 373,1 0,0 0,0 0,0 0,4
439,2 375,2 426,3 0,0 0,0 0,0 0,0 0,5
259,1 180,1 183,1 369,1 185,1 0,0 0,0 0,2
439,2 370,3 367,3 335,2 0,0 0,0 0,0 0,1
500,1 180,1 272,1 335,1 0,0 0,0 0,0 0,1
259,1 426,1 370,1 371,1 0,0 0,0 0,0 0,1
439,2 367,3 369,3 373,1 0,0 0,0 0,0 0,1
439,1 367,1 369,1 373,1 0,0 0,0 0,0 0,2
439,1 367,1 426,1 373,1 427,1 0,0 0,0 0,1
259,1 180,1 369,1 183,1 185,1 0,0 0,0 0,2
439,1 515,1 185,1 0,0 0,0 0,0 0,0 0,1
439,1 515,1 426,1 183,1 0,0 0,0 0,0 0,1
439,2 370,3 426,3 373,1 0,0 0,0 0,0 0,1
439,2 425,3 183,2 0,0 0,0 0,0 0,0 0,1
439,1 367,1 369,1 335,1 0,0 0,0 0,0 0,1
439,2 367,3 514,1 373,2 0,0 0,0 0,0 0,1
439,1 367,1 375,1 0,0 0,0 0,0 0,0 0,1
439,2 373,1 429,1 0,0 0,0 0,0 0,0 0,1
439,1 544,1 191,1 0,0 0,0 0,0 0,0 0,1
439,1 514,1 373,1 0,0 0,0 0,0 0,0 0,1
549,1 314,1 0,0 0,0 0,0 0,0 0,0 0,1
259,1 426,1 375,1 367,1 0,0 0,0 0,0 0,1
439,1 367,1 451,1 373,1 0,0 0,0 0,0 0,1
439,1 367,1 190,1 0,0 0,0 0,0 0,0 0,2
189,2 368,3 273,1 183,1 0,0 0,0 0,0 0,1
549,2 314,1 0,0 0,0 0,0 0,0 0,0 0,1
259,1 367,1 226,1 0,0 0,0 0,0 0,0 0,1
439,1 368,1 185,1 0,0 0,0 0,0 0,0 0,1
439,1 425,1 427,1 0,0 0,0 0,0 0,0 0,1
259,1 370,1 426,1 371,1 0,0 0,0 0,0 0,1
189,1 367,1 184,1 426,1 0,0 0,0 0,0 0,1
439,1 428,1 179,1 426,1 0,0 0,0 0,0 0,1
439,2 426,1 367,1 373,2 183,2 0,0 0,0 0,1
439,1 370,1 367,1 373,1 0,0 0,0 0,0 0,1
189,1 426,1 0,0 0,0 0,0 0,0 0,0 0,1
439,1 367,1 515,1 183,1 0,0 0,0 0,0 0,1
189,1 349,1 424,1 0,0 0,0 0,0 0,0 0,1
439,1 544,1 424,1 0,0 0,0 0,0 0,0 0,1
439,1 544,1 370,1 0,0 0,0 0,0 0,0 0,1
439,2 370,3 367,3 373,1 0,0 0,0 0,0 0,1
549,1 514,1 0,0 0,0 0,0 0,0 0,0 0,10
439,2 426,1 514,3 373,2 0,0 0,0 0,0 0,1
549,2 514,3 0,0 0,0 0,0 0,0 0,0 0,1
439,2 375,2 367,3 0,0 0,0 0,0 0,0 0,1
439,1 367,1 369,1 456,1 0,0 0,0 0,0 0,1
