442,1 348,1 347,2 344,2 414,2 351,2 411,3 1,1
224,1 514,1 184,1 371,1 424,1 346,1 378,1 1,1
224,2 348,2 344,2 424,3 417,2 346,2 409,3 1,1
552,1 514,1 315,1 542,1 371,1 0,0 0,0 1,1
554,1 409,3 348,2 422,1 424,3 344,2 417,2 1,1
442,1 348,2 433,1 394,1 392,1 0,0 0,0 1,1
442,1 348,2 426,3 414,1 345,2 344,2 346,2 2,2
224,2 348,2 343,3 344,2 346,2 417,2 414,1 1,1
224,2 339,1 457,2 387,1 424,2 337,3 346,2 3,3
224,2 348,1 344,2 346,2 414,1 411,3 351,2 1,1
224,1 348,1 424,1 401,1 158,1 490,1 346,1 1,1
224,2 348,2 409,3 414,2 415,2 417,2 346,2 1,1
442,1 361,1 525,2 357,1 359,1 351,2 358,1 1,1
552,1 436,1 411,1 351,1 344,1 320,1 422,1 1,1
224,2 339,1 457,2 387,1 424,1 337,3 346,1 1,1
224,1 514,1 184,1 424,1 371,1 179,1 0,0 1,1
554,1 409,3 348,2 411,3 424,3 344,2 351,2 1,1
291,1 361,2 354,3 357,3 276,1 351,2 0,0 1,1
291,1 361,2 354,3 357,3 358,2 351,2 0,0 1,1
291,1 443,1 462,1 175,1 351,2 337,3 237,1 1,1
552,1 542,1 339,1 337,1 520,1 0,0 0,0 2,2
224,2 339,1 381,3 424,3 387,1 337,3 385,3 1,1
503,2 492,1 424,3 414,3 344,3 0,0 0,0 1,1
442,1 339,1 394,1 385,2 448,1 387,1 352,1 1,1
224,2 428,2 381,3 287,3 337,3 457,2 385,3 1,1
552,1 515,1 514,1 543,1 311,1 513,1 0,0 2,2
240,2 348,2 343,3 414,3 345,2 344,3 346,3 1,1
554,1 348,2 392,1 346,2 387,2 424,3 382,3 1,1
262,2 348,2 347,2 371,3 377,2 380,1 0,0 1,1
552,1 339,1 543,1 351,1 337,1 0,0 0,0 1,1
552,1 542,1 514,1 315,1 513,1 0,0 0,0 1,1
224,2 184,1 367,3 183,1 371,3 346,2 195,1 2,2
291,1 436,1 351,2 490,3 203,1 276,2 380,1 1,1
552,1 184,1 555,1 542,1 312,1 514,1 0,0 1,1
552,1 514,1 544,1 513,1 0,0 0,0 0,0 1,1
552,1 486,1 320,1 345,1 0,0 0,0 0,0 1,1
224,1 412,1 414,1 415,1 345,1 417,1 346,1 1,1
442,1 348,2 346,2 420,2 421,1 344,2 409,3 1,1
552,1 514,1 543,1 513,1 311,1 515,1 0,0 5,5
552,1 514,1 543,1 312,1 513,1 0,0 0,0 7,7
291,1 348,2 457,2 411,3 351,2 490,3 0,0 1,1
224,2 451,3 180,3 373,2 369,3 179,3 371,3 1,1
442,1 348,2 459,1 385,3 387,2 382,3 394,1 1,1
442,1 436,1 357,1 457,2 525,2 351,2 542,2 1,1
291,1 348,2 457,2 411,3 351,2 490,1 0,0 1,1
552,1 542,1 522,1 324,1 0,0 0,0 0,0 1,1
224,2 348,2 427,1 414,2 415,2 417,2 346,2 5,5
554,1 409,3 542,1 348,2 411,3 344,2 351,2 1,1
552,1 348,1 339,1 310,1 394,1 0,0 0,0 1,1
442,1 428,2 436,1 458,1 357,3 366,1 362,1 1,1
552,1 514,1 315,1 371,1 346,1 367,1 0,0 1,1
442,1 436,1 462,1 344,2 457,2 411,3 485,3 1,1
442,1 436,1 490,3 344,2 351,2 411,3 485,1 1,1
291,1 394,1 339,1 338,2 175,1 351,2 426,3 1,1
552,2 380,1 436,1 446,1 312,1 203,1 0,0 1,1
442,1 348,1 457,2 411,1 351,2 344,1 346,2 1,1
442,1 348,1 347,1 344,2 414,2 351,1 411,3 1,1
442,1 542,1 436,1 351,2 411,3 457,2 485,1 2,2
442,1 348,2 149,3 344,2 415,2 417,2 0,0 3,3
552,1 343,1 415,1 542,1 320,1 344,1 346,1 1,1
442,1 348,2 409,3 420,2 345,2 344,2 346,2 1,1
552,1 542,1 514,1 543,1 311,1 513,1 0,0 1,1
262,2 348,2 347,2 424,3 420,2 344,2 346,2 2,2
552,1 542,1 514,1 513,1 311,1 544,1 0,0 1,1
442,1 546,1 436,1 542,1 433,1 0,0 0,0 1,1
291,1 542,1 339,1 392,2 351,2 237,2 337,3 1,1
224,2 542,2 533,3 415,2 344,2 346,2 427,1 1,1
224,2 413,3 345,2 344,2 346,2 414,2 411,3 1,1
262,1 542,1 492,1 387,1 424,1 0,0 0,0 1,1
552,1 343,1 531,1 345,1 530,1 0,0 0,0 1,1
552,1 542,1 514,1 543,1 311,1 515,1 0,0 1,1
552,1 348,1 0,0 0,0 0,0 0,0 0,0 1,1
552,1 514,1 546,1 543,1 312,1 513,1 0,0 3,3
442,1 348,2 347,2 457,2 490,3 358,2 346,2 1,1
224,1 348,1 436,1 341,1 358,1 525,1 0,0 1,1
224,2 348,2 542,2 402,2 539,3 395,3 346,2 1,1
552,1 542,1 514,1 315,1 544,1 0,0 0,0 1,1
291,1 542,1 474,1 393,1 0,0 0,0 0,0 1,1
552,1 542,1 514,1 351,1 543,1 513,1 0,0 1,1
552,2 436,1 408,1 542,2 329,1 539,3 346,2 1,1
224,1 514,1 184,1 424,1 371,1 185,1 426,1 2,2
240,1 339,1 338,1 387,1 351,1 337,2 386,1 2,2
552,1 542,1 543,1 339,1 337,1 0,0 0,0 1,1
554,1 348,2 387,1 448,1 394,1 391,1 0,0 1,1
442,1 348,2 345,1 420,1 414,2 411,3 346,1 1,1
552,1 339,1 543,1 337,1 452,1 0,0 0,0 1,1
503,2 177,1 542,3 474,1 0,0 0,0 0,0 1,1
552,1 542,1 531,1 345,1 530,1 0,0 0,0 1,1
552,1 541,1 514,1 543,1 311,1 513,1 0,0 1,1
552,2 162,1 546,1 158,1 329,1 541,1 0,0 1,1
552,1 542,1 426,1 457,1 344,1 351,1 346,1 1,1
552,1 339,1 337,1 306,1 544,1 0,0 0,0 1,1
291,1 348,2 351,2 237,2 280,2 426,3 0,0 1,1
442,1 348,2 347,2 341,2 458,2 490,3 426,3 1,1
552,2 436,1 312,2 371,2 273,1 546,1 378,1 1,1
442,1 348,2 345,2 420,1 414,2 411,3 346,2 3,3
224,1 348,1 436,1 341,1 358,1 525,1 366,1 1,1
554,1 532,2 411,3 420,1 424,3 344,2 351,2 1,1
262,2 339,1 338,2 385,3 382,3 169,2 0,0 1,1
442,1 348,1 426,2 414,1 345,2 344,1 346,2 1,1
442,1 348,2 450,1 344,2 546,1 422,1 0,0 1,1
224,1 412,1 436,1 345,1 415,1 555,1 411,1 1,1
291,1 348,2 485,3 420,2 411,3 237,2 422,1 1,1
554,1 361,2 497,1 357,3 0,0 0,0 0,0 1,1
224,2 348,2 344,2 411,1 346,2 417,1 409,3 1,1
442,1 348,2 357,3 359,2 141,1 358,2 346,2 2,2
552,1 370,1 380,1 514,1 315,1 542,1 351,1 1,1
224,1 348,1 339,1 387,1 337,1 346,1 0,0 1,1
503,1 542,1 492,1 387,1 351,1 0,0 0,0 1,1
552,1 514,1 542,1 543,1 312,1 546,1 0,0 2,2
442,1 348,2 347,2 344,2 414,1 351,2 411,1 1,1
442,1 152,2 424,3 344,1 146,3 415,2 0,0 1,1
552,1 514,1 542,1 543,1 312,1 0,0 0,0 14,14
291,1 542,2 339,1 555,3 337,3 175,2 381,3 1,1
552,1 514,1 315,1 542,1 371,1 380,1 0,0 1,1
552,1 514,1 542,1 543,1 513,1 313,1 0,0 4,4
552,2 184,1 542,1 312,1 514,1 555,3 0,0 1,1
552,1 514,1 542,1 543,1 311,1 544,1 0,0 1,1
552,1 514,1 542,1 543,1 311,1 515,1 0,0 1,1
552,1 315,1 514,1 543,1 0,0 0,0 0,0 4,4
224,2 339,1 381,3 424,1 387,1 337,3 385,3 1,1
224,1 409,1 412,1 344,1 417,1 348,1 414,1 1,1
554,1 184,1 367,3 380,1 490,3 457,2 371,3 1,1
552,2 514,1 315,1 371,1 542,1 0,0 0,0 4,4
552,1 514,1 542,1 543,1 513,1 311,1 0,0 5,5
552,1 514,1 543,1 513,1 544,1 313,1 0,0 1,1
442,1 348,2 347,2 344,2 414,1 351,2 411,2 1,1
552,1 542,1 531,1 543,1 319,1 0,0 0,0 2,2
552,1 544,1 531,1 528,1 0,0 0,0 0,0 2,2
552,2 514,2 543,2 513,1 544,1 0,0 0,0 1,1
224,1 514,1 184,1 424,1 371,1 183,1 427,1 1,1
262,2 348,2 347,2 420,2 415,2 344,2 346,2 1,1
552,1 542,1 543,1 324,1 525,1 527,1 0,0 1,1
442,1 348,1 459,1 338,1 346,1 427,1 382,2 1,1
552,2 348,2 436,1 306,1 387,1 426,3 0,0 2,2
224,2 348,2 343,3 344,2 346,2 417,1 414,1 1,1
240,2 348,2 485,3 457,3 411,3 351,2 409,3 1,1
552,1 339,1 543,1 520,1 0,0 0,0 0,0 1,1
552,2 514,2 542,1 513,1 544,2 515,1 0,0 1,1
552,2 152,1 320,2 344,2 424,2 0,0 0,0 1,1
552,1 514,1 542,1 543,1 544,1 313,1 0,0 1,1
552,1 315,1 542,1 514,1 513,1 0,0 0,0 1,1
442,1 152,1 203,1 411,2 344,2 346,2 0,0 1,1
291,1 348,2 153,2 411,3 490,3 351,2 422,1 1,1
291,1 184,2 179,3 351,2 457,1 555,1 380,1 1,1
224,2 361,2 366,1 436,1 457,2 351,2 357,3 1,1
291,1 436,1 237,1 351,2 411,3 555,1 485,3 1,1
291,1 348,2 180,3 490,3 351,2 379,1 297,1 1,1
552,1 436,1 320,1 415,1 430,1 0,0 0,0 1,1
552,2 514,1 543,2 513,2 544,2 313,1 0,0 2,2
442,1 348,2 344,2 414,2 411,3 457,2 351,2 1,1
552,1 475,1 330,1 542,1 0,0 0,0 0,0 1,1
552,2 514,3 315,2 542,2 512,2 546,2 0,0 1,1
442,1 348,2 347,2 414,2 415,2 344,2 346,2 1,1
442,1 348,1 409,3 414,2 345,1 344,2 346,2 1,1
224,2 542,2 533,3 344,2 424,1 414,1 411,1 1,1
291,1 542,1 447,1 539,2 555,3 408,1 0,0 1,1
552,1 542,1 531,1 528,1 544,1 0,0 0,0 1,1
442,1 348,2 411,1 415,1 457,2 414,1 351,2 1,1
442,1 348,1 409,1 414,1 345,2 344,1 346,2 1,1
224,1 542,1 184,1 371,1 424,1 346,1 378,1 1,1
442,1 348,2 409,1 414,1 345,2 344,1 346,2 1,1
291,1 443,1 459,2 385,3 490,3 351,2 394,1 2,2
224,2 348,1 248,1 346,2 161,1 158,1 163,1 2,2
442,1 368,3 372,2 448,1 371,2 0,0 0,0 1,1
552,2 367,1 372,1 371,1 312,3 0,0 0,0 1,1
552,1 315,1 514,1 542,1 513,1 0,0 0,0 2,2
442,1 348,2 450,1 411,3 414,2 0,0 0,0 1,1
503,1 492,1 504,1 136,2 366,1 0,0 0,0 1,1
503,1 492,1 366,1 136,2 504,1 0,0 0,0 1,1
442,1 348,2 347,2 457,2 351,2 428,2 0,0 1,1
442,1 348,1 450,1 490,3 346,2 0,0 0,0 1,1
552,2 370,3 514,3 315,1 371,3 0,0 0,0 1,1
442,1 343,3 345,2 457,1 411,1 351,2 344,2 1,1
552,1 515,1 542,1 514,1 543,1 313,1 0,0 1,1
552,1 315,1 183,1 371,1 513,1 0,0 0,0 1,1
442,1 436,1 357,1 457,2 525,1 351,2 356,1 1,1
552,1 542,1 514,1 543,1 329,1 0,0 0,0 1,1
552,1 529,1 542,1 543,1 0,0 0,0 0,0 1,1
503,1 492,1 424,2 371,2 0,0 0,0 0,0 1,1
291,1 348,2 450,1 364,2 366,1 0,0 0,0 1,1
442,1 348,2 409,1 414,1 345,1 344,2 346,2 1,1
224,1 361,1 353,1 354,1 362,1 357,1 138,1 2,2
442,1 348,2 409,1 414,1 345,2 344,2 346,1 1,1
442,1 348,2 149,1 344,2 415,2 417,2 0,0 2,2
552,1 542,1 514,1 543,1 513,1 313,1 0,0 1,1
291,1 184,1 380,1 179,3 351,2 457,2 555,3 1,1
240,1 443,1 338,1 457,1 351,1 337,2 541,1 2,2
554,1 348,1 351,2 424,1 344,2 411,3 409,3 1,1
503,1 492,1 424,2 273,2 175,1 0,0 0,0 1,1
442,1 368,1 372,1 448,1 371,1 0,0 0,0 1,1
442,1 348,2 347,2 415,1 420,1 414,1 344,2 1,1
442,1 348,2 347,2 357,1 366,1 490,1 457,2 1,1
552,1 514,1 543,1 313,1 544,1 0,0 0,0 1,1
291,1 532,3 411,3 414,2 351,2 344,2 346,2 1,1
552,1 542,1 514,1 543,1 544,1 313,1 0,0 1,1
442,1 388,1 459,1 386,1 457,2 351,2 337,3 1,1
291,1 152,2 424,3 351,2 411,3 344,2 0,0 1,1
442,1 348,2 420,2 430,1 415,2 344,2 422,1 1,1
552,2 348,2 542,1 306,2 518,1 426,3 0,0 1,1
224,1 542,1 533,1 344,1 346,1 424,1 411,1 2,2
291,1 233,3 422,1 485,3 411,3 351,2 237,2 1,1
442,1 348,1 426,3 414,2 345,2 344,2 346,2 1,1
442,1 348,2 347,1 344,1 414,2 351,2 411,3 1,1
442,1 348,1 457,2 411,1 351,1 344,2 346,2 1,1
552,2 514,3 315,1 542,2 371,3 0,0 0,0 1,1
552,1 542,1 320,1 543,1 0,0 0,0 0,0 2,2
200,1 348,1 366,1 341,1 141,1 525,1 361,1 1,1
552,2 542,1 315,1 514,3 371,3 380,1 0,0 1,1
291,1 348,2 357,2 477,1 366,1 353,3 0,0 1,1
291,1 542,1 348,2 457,2 411,2 351,2 422,1 1,1
552,1 515,1 514,1 542,1 312,1 541,1 0,0 1,1
552,1 514,1 546,1 542,1 312,1 541,1 513,1 1,1
552,1 515,1 514,1 542,1 543,1 313,1 0,0 1,1
442,1 348,1 409,3 414,2 345,2 344,2 346,1 1,1
552,2 544,2 531,1 543,1 0,0 0,0 0,0 1,1
442,1 348,1 409,1 414,1 345,2 344,2 346,1 1,1
224,1 348,1 542,1 402,1 158,1 424,1 160,1 1,1
552,1 542,1 514,1 543,1 513,1 311,1 0,0 1,1
291,1 348,1 450,1 346,1 0,0 0,0 0,0 1,1
442,1 348,2 409,3 414,2 345,2 344,2 346,1 1,1
224,1 343,1 412,1 345,1 415,1 417,1 414,1 1,1
503,1 348,1 343,1 345,1 344,1 351,1 0,0 1,1
552,2 361,2 354,3 490,3 323,3 525,2 346,2 1,1
442,1 542,1 436,1 351,2 411,3 457,2 485,2 1,1
552,1 514,1 542,1 312,1 543,1 0,0 0,0 1,1
552,2 514,3 315,1 542,2 371,1 0,0 0,0 2,2
224,1 348,1 525,1 359,1 346,1 360,1 0,0 1,1
442,1 348,2 347,2 351,2 457,2 336,1 346,2 1,1
552,1 370,1 512,1 312,1 457,1 541,1 0,0 1,1
552,1 287,1 232,1 381,1 306,1 338,1 0,0 1,1
291,1 180,1 436,1 542,2 371,3 379,1 367,3 1,1
442,1 348,2 347,2 351,2 401,1 408,1 400,1 1,1
224,1 361,1 542,1 341,1 359,1 525,1 458,1 2,2
552,1 544,1 543,1 519,1 0,0 0,0 0,0 1,1
552,1 542,1 544,1 539,1 454,1 0,0 0,0 1,1
224,1 348,1 401,1 424,1 158,1 163,1 395,1 1,1
224,1 533,1 344,1 414,1 415,1 411,1 346,1 1,1
224,1 348,1 345,1 421,1 346,1 0,0 0,0 1,1
442,1 348,2 345,2 420,2 414,2 411,3 346,2 1,1
442,1 348,2 347,2 344,2 414,2 351,1 411,3 1,1
291,1 443,1 394,1 287,1 351,2 542,1 337,3 1,1
552,1 542,1 543,1 528,1 343,1 0,0 0,0 1,1
552,2 339,1 459,2 546,1 306,3 518,1 0,0 1,1
442,1 542,2 434,1 347,2 523,1 366,1 0,0 1,1
442,1 348,2 450,1 387,1 346,2 0,0 0,0 1,1
442,1 361,2 357,3 341,2 525,1 358,2 346,2 1,1
442,1 348,2 409,3 414,1 345,1 344,1 346,2 1,1
442,1 348,2 347,2 490,3 457,2 346,2 351,1 1,1
442,1 361,1 353,1 525,2 359,1 360,1 351,2 1,1
442,1 348,1 344,2 411,3 414,2 417,2 426,3 1,1
552,1 542,1 514,1 543,1 312,1 0,0 0,0 7,8
552,1 514,1 543,1 312,1 544,1 0,0 0,0 7,8
442,1 348,2 344,2 411,3 414,2 417,2 426,3 6,7
552,1 514,1 315,1 371,1 542,1 0,0 0,0 10,12
442,1 348,2 347,2 344,2 414,2 351,2 411,3 22,27
224,2 339,1 457,2 387,1 424,1 337,3 346,2 4,5
552,1 542,1 543,1 538,1 537,1 0,0 0,0 4,5
240,1 339,1 459,1 338,1 280,1 346,1 0,0 4,5
442,1 368,3 372,2 448,1 371,3 0,0 0,0 3,4
442,1 348,2 450,1 346,2 351,2 0,0 0,0 6,8
442,1 348,2 409,3 414,2 345,2 344,2 346,2 4,6
224,1 339,1 457,1 387,1 424,1 337,1 346,1 2,3
442,1 348,2 353,3 359,2 458,2 358,2 357,3 2,3
442,1 361,2 450,1 358,2 364,1 346,2 366,1 2,3
442,1 348,2 347,2 448,1 457,2 351,2 346,2 2,3
552,1 542,1 543,1 538,1 301,1 0,0 0,0 2,3
552,1 343,1 531,1 351,1 345,1 0,0 0,0 2,3
262,1 348,1 343,1 344,1 345,1 411,1 0,0 2,3
442,1 428,2 436,1 458,2 357,3 366,1 362,2 2,3
442,1 492,1 394,1 387,1 351,1 490,1 0,0 2,3
442,1 348,1 459,1 385,1 387,1 382,3 394,1 2,3
442,1 348,2 450,1 387,2 346,2 0,0 0,0 2,3
552,1 544,1 543,1 538,1 0,0 0,0 0,0 4,6
552,1 521,1 543,1 0,0 0,0 0,0 0,0 2,3
552,1 542,1 543,1 533,1 0,0 0,0 0,0 2,3
224,1 343,1 414,1 345,1 415,1 417,1 542,1 2,3
552,1 514,1 543,1 513,1 544,1 0,0 0,0 15,23
552,1 514,1 542,1 543,1 544,1 0,0 0,0 9,14
224,1 348,1 248,1 346,1 161,1 158,1 163,1 84,131
224,1 361,1 354,1 424,1 457,1 138,1 357,1 915,1439
554,1 348,2 409,3 411,3 455,2 457,2 344,2 5,8
442,1 348,2 347,2 457,2 351,2 424,3 346,2 5,8
442,1 348,2 450,1 490,3 346,2 0,0 0,0 5,8
552,1 514,1 542,1 543,1 513,1 0,0 0,0 13,21
224,1 514,1 184,1 542,1 371,1 346,1 183,1 13,21
224,1 348,1 542,1 402,1 539,1 395,1 346,1 8,13
224,1 436,1 542,1 418,1 415,1 345,1 346,1 44,72
224,1 514,1 184,1 371,1 424,1 369,1 426,1 3,5
552,1 339,1 543,1 519,1 0,0 0,0 0,0 9,15
224,1 348,1 542,1 395,1 161,1 158,1 163,1 3,5
224,1 184,1 542,1 424,1 371,1 346,1 427,1 3,5
552,1 542,1 531,1 543,1 0,0 0,0 0,0 15,25
224,1 348,1 346,1 158,1 161,1 163,1 273,1 28,47
224,1 348,1 426,1 402,1 161,1 158,1 346,1 27,46
224,1 514,1 184,1 424,1 371,1 346,1 427,1 191,327
224,1 542,1 348,1 415,1 414,1 417,1 546,1 7,12
224,1 514,1 184,1 424,1 371,1 369,1 367,1 7,12
442,1 348,2 459,2 385,3 387,2 382,3 394,1 7,12
224,1 342,1 341,1 359,1 525,1 358,1 346,1 43,74
224,1 348,1 346,1 248,1 161,1 158,1 163,1 67,116
224,1 436,1 138,1 457,1 141,1 424,1 357,1 65,113
224,1 361,1 354,1 457,1 141,1 138,1 357,1 4,7
224,1 162,1 196,1 426,1 158,1 402,1 163,1 4,7
224,1 184,1 371,1 346,1 424,1 369,1 427,1 8,14
552,1 367,1 372,1 371,1 312,1 0,0 0,0 8,14
224,1 514,1 184,1 371,1 346,1 424,1 427,1 13,23
224,1 542,1 533,1 424,1 344,1 411,1 414,1 496,882
224,1 361,1 353,1 341,1 359,1 256,1 141,1 5,9
224,1 348,1 346,1 161,1 158,1 427,1 163,1 37,67
224,1 348,1 427,1 414,1 415,1 417,1 346,1 12,22
552,1 514,1 543,1 515,1 544,1 0,0 0,0 10,19
224,1 412,1 409,1 345,1 415,1 417,1 418,1 29,57
224,1 348,1 395,1 346,1 161,1 402,1 158,1 6,12
224,1 348,1 409,1 414,1 345,1 344,1 346,1 5,10
224,1 514,1 184,1 371,1 424,1 427,1 183,1 1,2
224,1 542,1 533,1 344,1 424,1 414,1 411,1 33,66
224,1 184,1 367,1 371,1 183,1 195,1 346,1 11,22
442,1 348,1 409,1 414,1 345,1 344,1 346,1 2,4
224,1 533,1 542,1 415,1 344,1 414,1 346,1 2,4
552,1 349,1 337,1 520,1 544,1 0,0 0,0 1,2
224,1 184,1 179,1 371,1 424,1 185,1 0,0 2,4
442,1 348,2 411,3 351,2 457,2 485,3 422,1 1,2
552,1 514,1 546,1 543,1 512,1 513,1 0,0 1,2
552,1 349,1 345,1 344,1 343,1 0,0 0,0 1,2
552,1 343,1 533,1 345,1 0,0 0,0 0,0 1,2
552,1 514,1 542,1 515,1 0,0 0,0 0,0 1,2
442,1 348,2 436,1 362,2 357,3 0,0 0,0 1,2
224,1 542,1 533,1 424,1 344,1 346,1 343,1 30,60
442,1 348,1 450,1 387,1 346,1 0,0 0,0 1,2
552,2 542,1 531,1 543,2 530,1 0,0 0,0 1,2
552,1 541,1 542,1 514,1 543,1 546,1 513,1 1,2
442,1 348,2 347,2 542,1 457,2 490,3 346,2 1,2
552,1 542,1 531,1 543,1 546,1 0,0 0,0 1,2
240,2 348,2 343,3 414,3 345,2 344,3 346,2 1,2
224,1 514,1 184,1 542,1 371,1 346,1 427,1 9,18
552,1 343,1 543,1 344,1 351,1 409,1 0,0 1,2
442,1 348,1 409,1 414,1 345,1 344,1 346,2 1,2
503,2 348,2 347,3 490,3 351,2 457,3 346,3 1,2
224,1 542,1 533,1 414,1 346,1 417,1 427,1 5,10
224,1 361,1 542,1 359,1 358,1 525,1 195,1 8,16
224,1 348,1 346,1 172,1 387,1 424,1 385,1 4,8
224,1 348,1 542,1 359,1 358,1 424,1 525,1 1,2
552,1 514,1 542,1 543,1 513,1 512,1 0,0 2,4
552,1 542,1 546,1 538,1 543,1 537,1 0,0 1,2
224,1 348,1 343,1 414,1 417,1 415,1 346,1 2,4
552,1 343,1 531,1 543,1 544,1 0,0 0,0 3,6
552,1 542,1 546,1 344,1 345,1 543,1 0,0 1,2
224,1 348,1 341,1 359,1 346,1 138,1 357,1 2,4
552,1 542,1 531,1 543,1 343,1 0,0 0,0 2,4
224,1 348,1 537,1 395,1 161,1 158,1 163,1 2,4
224,1 348,1 346,1 457,1 359,1 141,1 525,1 1,2
224,1 348,1 344,1 346,1 414,1 345,1 409,1 1,2
552,1 541,1 514,1 351,1 543,1 0,0 0,0 1,2
262,2 152,1 424,3 344,2 417,2 414,2 409,3 2,4
552,1 368,1 514,1 315,1 542,1 0,0 0,0 1,2
552,1 542,1 546,1 514,1 543,1 513,1 0,0 1,2
224,1 184,1 183,1 179,1 371,1 185,1 426,1 1,2
224,1 348,1 457,1 361,1 341,1 346,1 0,0 1,2
552,1 174,1 384,1 306,1 337,1 0,0 0,0 1,2
224,1 348,1 357,1 138,1 141,1 135,1 359,1 1,2
442,1 348,1 426,1 414,1 345,1 344,1 346,1 1,2
224,2 348,2 344,2 411,3 346,2 417,1 409,3 1,2
552,1 515,1 542,1 514,1 543,1 0,0 0,0 1,2
552,1 529,1 531,1 0,0 0,0 0,0 0,0 1,2
442,1 348,2 347,2 344,2 414,1 351,2 411,3 2,4
224,1 542,1 533,1 344,1 424,1 346,1 411,1 2,4
552,1 349,1 337,1 452,1 0,0 0,0 0,0 1,2
552,2 514,2 542,1 543,1 513,1 0,0 0,0 1,2
224,1 514,1 184,1 424,1 371,1 185,1 367,1 1,2
224,1 514,1 348,1 542,1 371,1 346,1 427,1 3,6
552,1 544,1 531,1 543,1 0,0 0,0 0,0 5,10
224,1 162,1 542,1 161,1 158,1 163,1 427,1 1,2
224,1 348,1 458,1 341,1 359,1 358,1 346,1 3,6
224,1 412,1 436,1 345,1 457,1 414,1 411,1 29,59
224,1 399,1 227,1 402,1 406,1 430,1 395,1 16,33
224,1 348,1 426,1 141,1 361,1 362,1 0,0 33,70
224,1 348,1 395,1 402,1 161,1 163,1 426,1 13,28
224,1 542,1 533,1 344,1 424,1 411,1 414,1 29,63
224,1 184,1 179,1 371,1 424,1 185,1 380,1 11,24
224,1 348,1 395,1 346,1 402,1 161,1 158,1 26,57
224,1 348,1 346,1 414,1 415,1 417,1 427,1 5,11
224,1 184,1 183,1 424,1 371,1 185,1 427,1 5,11
224,1 184,1 367,1 183,1 346,1 371,1 195,1 21,47
224,1 348,1 341,1 359,1 525,1 346,1 358,1 8,18
224,1 348,1 542,1 341,1 359,1 525,1 346,1 20,45
224,1 361,1 436,1 359,1 138,1 357,1 427,1 4,9
224,1 348,1 138,1 357,1 341,1 358,1 346,1 25,57
224,1 348,1 422,1 346,1 344,1 417,1 415,1 7,16
224,1 361,1 354,1 359,1 424,1 357,1 542,1 20,46
224,1 348,1 341,1 359,1 346,1 360,1 0,0 10,23
224,1 184,1 367,1 183,1 195,1 371,1 346,1 16,37
224,1 348,1 341,1 359,1 525,1 358,1 346,1 16,37
224,1 348,1 346,1 395,1 402,1 158,1 161,1 19,44
224,1 348,1 542,1 402,1 537,1 346,1 424,1 19,44
224,1 542,1 348,1 424,1 344,1 411,1 351,1 6,14
442,1 348,2 347,2 457,2 351,2 424,1 346,2 3,7
224,1 348,1 542,1 414,1 415,1 417,1 409,1 3,7
224,1 342,1 359,1 138,1 141,1 424,1 357,1 3,7
224,1 348,1 426,1 158,1 401,1 351,1 163,1 3,7
224,1 348,1 542,1 415,1 344,1 411,1 414,1 3,7
224,1 184,1 367,1 183,1 371,1 346,1 195,1 18,43
224,1 348,1 344,1 409,1 414,1 411,1 417,1 9,22
503,2 339,1 338,3 387,1 385,3 346,3 0,0 13,32
224,1 343,1 542,1 414,1 345,1 415,1 417,1 8,20
224,1 184,1 371,1 195,1 346,1 367,1 183,1 4,10
552,1 514,1 546,1 543,1 513,1 544,1 0,0 2,5
224,1 348,1 385,1 457,1 387,1 424,1 0,0 2,5
224,1 361,1 354,1 359,1 357,1 138,1 457,1 17,43
224,1 343,1 348,1 414,1 345,1 411,1 346,1 12,31
224,1 184,1 427,1 346,1 371,1 514,1 424,1 8,21
552,1 542,1 543,1 538,1 0,0 0,0 0,0 3,8
224,1 184,1 367,1 371,1 179,1 351,1 346,1 7,19
224,1 409,1 412,1 345,1 415,1 417,1 414,1 9,25
224,1 348,1 542,1 402,1 346,1 163,1 427,1 6,17
552,1 542,1 514,1 543,1 513,1 0,0 0,0 6,17
442,1 348,2 459,2 338,2 346,2 427,2 382,3 1,3
224,1 346,1 514,1 184,1 424,1 371,1 427,1 4,12
224,1 428,1 381,1 287,1 337,1 457,1 385,1 5,15
224,1 184,1 367,1 335,1 371,1 346,1 427,1 4,12
224,1 343,1 346,1 414,1 345,1 415,1 531,1 2,6
554,1 348,2 448,1 346,2 372,2 0,0 0,0 1,3
552,1 542,1 531,1 543,1 530,1 0,0 0,0 1,3
224,1 348,1 353,1 346,1 359,1 358,1 360,1 4,12
552,1 514,1 543,1 515,1 0,0 0,0 0,0 1,3
224,1 348,1 542,1 415,1 344,1 346,1 411,1 1,3
552,1 514,1 542,1 543,1 512,1 0,0 0,0 1,3
552,1 541,1 514,1 543,1 513,1 0,0 0,0 1,3
552,1 541,1 542,1 514,1 543,1 0,0 0,0 1,3
224,1 361,1 141,1 354,1 357,1 359,1 356,1 1,3
552,1 514,1 543,1 513,1 515,1 0,0 0,0 1,3
224,1 348,1 426,1 395,1 161,1 158,1 163,1 1,3
224,1 361,1 341,1 353,1 358,1 359,1 360,1 1,3
224,1 348,1 452,1 387,1 172,1 195,1 346,1 1,3
552,1 542,1 543,1 306,1 337,1 452,1 0,0 1,3
200,1 348,2 359,2 341,2 358,2 458,2 351,2 2,6
224,1 348,1 344,1 411,1 346,1 417,1 409,1 1,3
442,1 408,1 405,1 346,2 400,2 402,2 406,1 2,6
224,1 348,1 151,1 153,1 417,1 0,0 0,0 1,3
552,1 542,1 543,1 345,1 343,1 0,0 0,0 1,3
552,1 541,1 514,1 543,1 544,1 0,0 0,0 3,9
262,2 348,2 347,2 457,2 490,1 346,2 0,0 1,3
224,1 348,1 542,1 414,1 411,1 417,1 346,1 1,3
552,2 370,3 426,3 371,3 312,3 369,3 346,2 1,3
224,1 344,1 348,1 409,1 414,1 411,1 417,1 1,3
224,1 184,1 426,1 424,1 183,1 371,1 427,1 1,3
224,1 184,1 373,1 371,1 367,1 183,1 427,1 15,47
224,1 348,1 395,1 346,1 158,1 161,1 402,1 19,62
224,1 343,1 409,1 345,1 415,1 417,1 344,1 9,30
224,1 343,1 411,1 345,1 415,1 417,1 414,1 3,10
224,1 348,1 402,1 346,1 161,1 158,1 395,1 3,10
224,1 184,1 514,1 371,1 183,1 427,1 424,1 10,35
224,1 184,1 346,1 183,1 424,1 371,1 185,1 2,7
224,1 361,1 354,1 141,1 357,1 457,1 138,1 6,21
224,1 542,1 162,1 160,1 158,1 402,1 163,1 4,15
224,1 514,1 184,1 371,1 424,1 427,1 346,1 1,4
552,1 544,1 543,1 539,1 0,0 0,0 0,0 1,4
224,1 533,1 542,1 344,1 424,1 411,1 414,1 1,4
552,1 514,1 513,1 0,0 0,0 0,0 0,0 1,4
224,1 514,1 184,1 424,1 371,1 427,1 346,1 1,4
442,1 353,3 348,2 351,2 357,3 360,2 0,0 1,4
224,1 346,1 184,1 367,1 371,1 183,1 195,1 1,4
552,1 542,1 543,1 519,1 337,1 0,0 0,0 1,4
224,1 184,1 367,1 346,1 195,1 183,1 371,1 1,4
224,1 348,1 409,1 414,1 411,1 345,1 346,1 1,4
224,1 348,1 415,1 414,1 417,1 344,1 0,0 1,4
224,1 348,1 346,1 158,1 161,1 163,1 0,0 1,4
224,1 184,1 426,1 183,1 371,1 346,1 195,1 3,12
552,1 542,1 531,1 344,1 345,1 409,1 0,0 1,4
552,1 544,1 538,1 539,1 537,1 0,0 0,0 1,4
224,1 184,1 367,1 371,1 369,1 424,1 185,1 15,64
224,1 346,1 348,1 273,1 158,1 161,1 163,1 1,5
442,1 361,1 353,1 354,1 358,1 359,1 360,1 1,5
442,1 343,3 345,2 457,2 411,3 351,2 344,2 1,5
224,1 361,1 542,1 359,1 141,1 358,1 357,1 1,5
224,1 348,1 362,1 426,1 141,1 361,1 0,0 1,5
552,1 542,1 514,1 543,1 544,1 0,0 0,0 1,5
224,1 343,1 414,1 345,1 415,1 417,1 411,1 4,21
224,1 348,1 395,1 402,1 161,1 158,1 427,1 2,11
442,1 348,1 347,1 344,1 414,1 351,1 411,1 1,6
224,1 348,1 415,1 344,1 417,1 414,1 0,0 1,6
224,1 346,1 348,1 395,1 402,1 161,1 158,1 1,6
224,1 542,1 533,1 415,1 344,1 346,1 427,1 2,13
552,1 541,1 531,1 543,1 0,0 0,0 0,0 2,13
224,1 348,1 395,1 346,1 402,1 158,1 161,1 1,7
224,1 361,1 354,1 357,1 359,1 457,1 138,1 1,7
224,1 184,1 346,1 367,1 195,1 371,1 183,1 3,21
552,1 514,1 546,1 543,1 544,1 0,0 0,0 1,7
224,1 348,1 343,1 344,1 346,1 417,1 414,1 1,8
224,1 162,1 395,1 161,1 158,1 163,1 427,1 1,11
552,2 348,2 339,1 306,1 394,1 381,3 0,0 0,1
552,1 544,1 543,1 539,1 537,1 0,0 0,0 0,4
224,1 184,1 514,1 371,1 183,1 185,1 427,1 0,5
552,1 343,1 457,1 409,1 346,1 350,1 344,1 0,3
224,1 348,1 344,1 424,1 417,1 414,1 409,1 0,2
224,1 514,1 184,1 542,1 371,1 346,1 180,1 0,1
224,1 361,1 139,1 141,1 429,1 194,1 359,1 0,1
552,1 514,1 543,1 512,1 513,1 0,0 0,0 0,2
442,1 348,2 347,2 422,1 420,2 344,2 417,1 0,1
224,1 348,1 395,1 161,1 158,1 424,1 163,1 0,4
554,1 370,3 347,2 436,1 457,2 351,2 336,1 0,1
442,1 348,2 347,2 351,1 426,3 0,0 0,0 0,3
224,1 361,1 354,1 542,1 357,1 141,1 359,1 0,2
224,1 361,1 357,1 138,1 359,1 360,1 353,1 0,1
552,1 514,1 543,1 544,1 515,1 0,0 0,0 0,1
224,1 348,1 385,1 337,1 346,1 387,1 172,1 0,2
224,1 348,1 346,1 344,1 417,1 415,1 0,0 0,1
552,1 492,1 422,1 320,1 0,0 0,0 0,0 0,1
224,1 348,1 542,1 341,1 359,1 346,1 358,1 0,1
442,1 348,2 459,2 387,1 448,1 519,2 381,1 0,1
552,1 514,1 543,1 351,1 544,1 0,0 0,0 0,2
224,1 348,1 421,1 424,1 414,1 457,1 0,0 0,1
224,2 348,2 344,2 346,2 414,1 345,2 409,3 0,1
442,1 348,1 347,2 457,2 351,2 424,3 346,2 0,1
552,1 542,1 546,1 543,1 519,1 337,1 0,0 0,1
224,1 348,1 341,1 358,1 359,1 424,1 356,1 0,5
552,1 428,1 426,1 448,1 430,1 423,1 427,1 0,1
224,1 348,1 191,1 546,1 457,1 351,1 401,1 0,6
224,1 348,1 339,1 382,1 346,1 381,1 426,1 0,1
224,1 353,1 361,1 354,1 138,1 357,1 362,1 0,3
442,1 348,2 347,2 490,3 543,3 346,2 0,0 0,1
552,1 287,1 459,1 337,1 306,1 382,1 381,1 0,1
552,1 542,1 0,0 0,0 0,0 0,0 0,0 0,4
552,2 542,1 543,2 345,1 343,3 0,0 0,0 0,1
224,1 542,1 533,1 414,1 344,1 346,1 411,1 0,2
224,1 514,1 184,1 424,1 371,1 369,1 426,1 0,1
552,1 184,1 542,1 312,1 514,1 555,1 0,0 0,1
552,1 542,1 543,1 344,1 409,1 544,1 0,0 0,1
224,1 361,1 136,1 354,1 362,1 357,1 138,1 0,1
224,2 348,1 345,1 344,2 555,1 411,1 0,0 0,1
552,2 542,1 543,1 344,1 409,1 544,1 0,0 0,1
224,1 514,1 184,1 424,1 371,1 185,1 546,1 0,1
224,2 348,2 542,2 402,1 539,3 395,3 346,2 0,1
224,2 348,2 409,1 414,1 345,1 344,1 346,2 0,2
224,1 348,1 409,1 343,1 345,1 344,1 346,1 0,3
224,1 184,1 371,1 346,1 427,1 423,1 0,0 0,1
442,1 348,2 339,1 555,1 351,2 337,3 0,0 0,1
442,1 348,2 490,3 429,2 358,1 525,2 346,2 0,1
442,1 533,3 450,1 344,1 0,0 0,0 0,0 0,1
224,1 514,1 184,1 371,1 424,1 346,1 427,1 0,1
552,2 370,3 426,3 371,3 312,2 369,3 346,2 0,1
442,1 492,1 385,3 346,2 381,3 0,0 0,0 0,1
224,1 348,1 542,1 402,1 346,1 424,1 396,1 0,1
442,1 428,2 436,1 371,1 351,2 457,2 346,2 0,1
224,1 361,1 426,1 354,1 362,1 357,1 138,1 0,2
552,1 514,1 543,1 312,1 515,1 0,0 0,0 0,1
224,2 339,1 381,3 424,3 387,2 337,3 385,3 0,1
224,1 339,1 381,1 424,1 387,1 337,1 385,1 0,2
552,2 514,1 315,1 510,1 0,0 0,0 0,0 0,1
224,1 348,1 426,1 158,1 457,1 401,1 351,1 0,2
442,1 348,2 450,1 346,1 351,2 0,0 0,0 0,1
442,1 348,1 338,1 172,1 457,1 337,3 346,1 0,1
224,1 348,1 402,1 161,1 158,1 346,1 395,1 0,1
224,1 152,1 351,1 455,1 411,1 457,1 344,1 0,2
442,1 348,2 450,1 387,1 346,1 0,0 0,0 0,1
442,1 348,2 357,3 359,2 141,1 358,1 346,2 0,1
224,1 346,1 367,1 184,1 371,1 183,1 195,1 0,5
224,1 348,1 344,1 414,1 415,1 417,1 0,0 0,2
224,1 348,1 149,1 414,1 415,1 417,1 346,1 0,3
224,1 348,1 415,1 414,1 344,1 417,1 0,0 0,8
224,1 348,1 343,1 346,1 414,1 344,1 417,1 0,1
442,1 348,2 450,1 411,3 414,1 0,0 0,0 0,1
262,1 152,1 344,1 415,1 414,1 417,1 0,0 0,2
442,1 180,1 347,2 380,1 490,3 371,3 491,1 0,1
224,1 348,1 357,1 364,1 358,1 361,1 0,0 0,1
224,1 344,1 345,1 346,1 348,1 409,1 414,1 0,2
224,1 348,1 344,1 346,1 414,1 411,1 416,1 0,5
224,1 345,1 418,1 412,1 409,1 415,1 417,1 0,1
224,1 348,1 343,1 414,1 344,1 417,1 346,1 0,3
552,2 339,1 394,1 518,1 306,1 387,1 381,1 0,1
442,1 348,2 450,1 341,2 426,3 0,0 0,0 0,1
442,1 343,3 436,1 346,2 415,2 345,1 344,2 0,1
442,1 348,1 433,1 394,1 392,2 0,0 0,0 0,2
224,1 346,1 184,1 367,1 183,1 195,1 371,1 0,3
224,1 361,1 136,1 353,1 359,1 360,1 423,1 0,1
442,1 436,1 450,1 542,1 0,0 0,0 0,0 0,1
224,1 428,1 410,1 415,1 417,1 344,1 346,1 0,1
224,1 162,1 158,1 457,1 401,1 351,1 346,1 0,1
552,2 542,1 543,2 538,2 0,0 0,0 0,0 0,1
552,2 532,3 542,1 329,1 351,2 414,1 0,0 0,1
224,1 184,1 514,1 371,1 424,1 427,1 183,1 0,1
552,2 348,1 361,1 525,2 341,1 0,0 0,0 0,1
224,1 184,1 367,1 371,1 346,1 195,1 183,1 0,3
224,1 184,1 426,1 371,1 183,1 424,1 185,1 0,1
224,1 348,1 542,1 341,1 359,1 358,1 346,1 0,2
291,1 542,1 533,3 417,2 546,1 422,1 343,1 0,1
224,1 361,1 357,1 138,1 341,1 359,1 139,1 0,2
224,1 368,1 347,1 546,1 371,1 457,1 514,1 0,1
442,1 348,1 344,2 150,1 457,2 351,1 343,3 0,1
224,1 361,1 353,1 354,1 360,1 195,1 546,1 0,1
262,2 361,2 476,3 357,3 143,2 358,2 346,2 0,1
224,1 542,1 533,1 344,1 415,1 424,1 409,1 0,1
442,1 348,1 414,1 457,1 343,3 351,1 411,1 0,1
224,1 348,1 347,1 399,1 424,1 401,1 0,0 0,1
503,2 348,1 347,1 490,3 351,1 457,1 346,1 0,2
442,1 348,2 339,1 457,2 387,2 381,3 0,0 0,1
442,1 348,2 546,1 419,1 415,1 150,1 0,0 0,1
224,1 376,1 371,1 374,1 426,1 0,0 0,0 0,1
224,1 348,1 142,1 138,1 359,1 341,1 346,1 0,2
224,1 184,1 371,1 424,1 369,1 427,1 0,0 0,1
240,1 348,1 338,1 346,1 382,1 385,1 0,0 0,1
224,1 361,1 346,1 354,1 142,1 360,1 0,0 0,2
224,1 346,1 184,1 367,1 183,1 371,1 195,1 0,2
224,2 348,2 457,2 361,2 341,2 346,2 0,0 0,1
224,1 348,1 351,1 337,1 457,1 385,1 0,0 0,1
442,1 348,1 459,1 338,1 346,1 427,1 382,1 0,1
552,2 339,1 543,2 519,1 0,0 0,0 0,0 0,1
224,1 348,1 353,1 341,1 357,1 361,1 0,0 0,1
224,1 184,1 180,1 346,1 371,1 196,1 427,1 0,2
224,1 361,1 424,1 359,1 429,1 357,1 542,1 0,1
442,1 348,1 450,1 346,1 351,1 0,0 0,0 0,1
224,1 342,1 542,1 359,1 358,1 525,1 448,1 0,1
224,1 348,1 357,1 138,1 141,1 359,1 424,1 0,1
552,1 370,1 0,0 0,0 0,0 0,0 0,0 0,22
224,1 361,1 196,1 359,1 424,1 358,1 195,1 0,1
224,1 353,1 342,1 346,1 358,1 359,1 360,1 0,1
552,2 514,2 543,1 515,1 544,1 0,0 0,0 0,1
552,1 436,1 299,1 484,1 0,0 0,0 0,0 0,1
262,1 339,1 250,1 390,1 0,0 0,0 0,0 0,1
224,1 348,1 344,1 424,1 417,1 346,1 409,1 0,2
552,2 532,3 415,1 416,1 417,1 0,0 0,0 0,1
442,1 348,1 347,1 344,1 419,1 422,1 0,0 0,1
552,1 514,1 542,1 543,1 311,1 0,0 0,0 0,1
552,2 514,3 542,1 543,3 513,1 0,0 0,0 0,1
552,1 542,1 368,1 514,1 315,1 0,0 0,0 0,1
552,1 162,1 0,0 0,0 0,0 0,0 0,0 0,2
224,1 348,1 420,1 415,1 346,1 417,1 414,1 0,1
442,1 348,2 345,2 351,2 344,1 346,1 0,0 0,1
552,2 518,2 306,2 520,3 517,1 546,2 0,0 0,1
552,1 425,1 0,0 0,0 0,0 0,0 0,0 0,1
552,2 514,3 543,3 515,3 544,1 0,0 0,0 0,1
224,1 348,1 151,1 417,1 415,1 0,0 0,0 0,1
552,1 140,1 426,1 424,1 324,1 138,1 525,1 0,1
552,1 367,1 0,0 0,0 0,0 0,0 0,0 0,5
224,1 361,1 354,1 141,1 341,1 138,1 357,1 0,1
224,1 348,1 409,1 414,1 415,1 417,1 150,1 0,1
552,1 315,1 373,1 371,1 367,1 0,0 0,0 0,1
442,1 348,2 415,1 417,2 457,2 346,1 0,0 0,1
224,1 348,1 397,1 401,1 158,1 396,1 0,0 0,1
552,2 514,2 546,1 543,3 513,2 544,1 0,0 0,1
552,1 381,1 0,0 0,0 0,0 0,0 0,0 0,42
224,1 348,1 346,1 357,1 138,1 457,1 351,1 0,1
224,1 162,1 194,1 161,1 163,1 158,1 227,1 0,1
552,2 514,3 542,2 543,3 513,1 512,1 0,0 0,1
552,1 353,1 0,0 0,0 0,0 0,0 0,0 0,6
503,2 492,1 424,1 414,1 344,1 0,0 0,0 0,1
552,2 542,1 531,1 543,1 0,0 0,0 0,0 0,1
552,2 542,1 531,1 543,3 0,0 0,0 0,0 0,1
552,2 514,3 542,1 543,2 513,1 512,1 0,0 0,1
552,2 542,1 531,2 543,1 0,0 0,0 0,0 0,1
224,1 348,1 366,1 351,1 357,1 341,1 139,1 0,1
552,2 370,1 426,2 371,1 312,1 369,1 346,2 0,1
552,2 514,3 546,1 543,2 513,1 544,3 0,0 0,1
552,2 514,2 543,2 513,1 515,2 0,0 0,0 0,1
224,1 361,1 136,1 141,1 341,1 358,1 360,1 0,1
442,1 413,1 409,3 492,1 455,1 0,0 0,0 0,1
552,2 370,1 426,1 371,1 312,2 369,1 346,1 0,1
552,2 542,1 531,2 543,2 0,0 0,0 0,0 0,1
442,1 348,2 459,1 338,1 346,1 382,1 392,1 0,1
552,2 514,3 543,2 513,1 544,2 0,0 0,0 0,1
224,1 368,1 183,1 369,1 371,1 427,1 373,1 0,1
552,2 370,1 426,2 371,3 312,1 369,1 346,2 0,1
224,1 436,1 385,1 387,1 424,1 168,1 427,1 0,1
224,1 348,1 341,1 358,1 359,1 424,1 346,1 0,1
552,2 541,1 514,2 543,3 513,1 0,0 0,0 0,1
552,2 544,2 526,2 543,2 527,3 0,0 0,0 0,1
552,2 367,1 372,1 371,1 312,1 0,0 0,0 0,1
552,2 542,1 546,1 543,3 519,2 337,3 0,0 0,1
552,1 315,1 194,1 429,1 513,1 0,0 0,0 0,1
442,1 399,1 542,1 535,1 158,1 539,3 0,0 0,1
240,1 348,1 450,1 430,1 0,0 0,0 0,0 0,1
552,2 348,1 360,1 525,1 542,2 0,0 0,0 0,1
224,1 412,1 436,1 345,1 344,1 414,1 411,1 0,1
442,1 381,1 339,1 338,2 387,1 385,1 0,0 0,1
442,1 348,2 409,1 414,1 345,2 344,2 346,2 0,1
552,1 541,1 519,1 520,1 0,0 0,0 0,0 0,6
442,1 348,2 384,1 546,1 339,1 0,0 0,0 0,1
224,1 348,1 450,1 344,1 409,1 0,0 0,0 0,1
442,1 348,2 426,2 357,3 360,2 358,2 0,0 0,1
224,2 339,1 457,2 387,2 424,3 337,3 346,2 0,1
552,2 348,1 320,1 344,2 351,2 0,0 0,0 0,1
224,2 348,2 415,2 414,2 344,2 417,2 0,0 0,1
552,2 348,1 385,1 306,3 351,1 0,0 0,0 0,1
442,1 348,2 484,1 535,1 408,1 0,0 0,0 0,1
224,2 348,2 395,3 346,2 158,3 161,2 402,2 0,1
224,1 348,1 344,1 346,1 414,1 411,1 351,1 0,1
224,1 248,1 346,1 348,1 161,1 158,1 163,1 0,2
224,1 348,1 353,1 346,1 351,1 457,1 341,1 0,1
442,1 348,2 344,2 415,1 237,1 346,2 352,1 0,1
224,1 346,1 367,1 371,1 184,1 183,1 195,1 0,1
224,2 340,3 457,2 357,3 445,1 351,2 0,0 0,1
552,2 541,1 519,1 520,3 0,0 0,0 0,0 0,1
442,1 348,1 409,1 414,1 345,2 344,2 346,2 0,1
552,2 541,1 519,2 520,3 0,0 0,0 0,0 0,1
224,1 361,1 341,1 359,1 360,1 346,1 427,1 0,1
224,2 339,1 457,2 387,1 424,3 337,3 346,2 0,2
224,1 381,1 436,1 457,1 172,1 174,1 168,1 0,1
224,1 530,1 423,1 435,1 542,1 346,1 0,0 0,1
552,1 348,1 542,1 312,1 514,1 555,1 0,0 0,1
552,2 343,3 531,1 351,1 345,1 0,0 0,0 0,1
224,1 348,1 138,1 359,1 141,1 357,1 351,1 0,1
224,1 348,1 542,1 359,1 138,1 357,1 358,1 0,1
224,2 348,1 546,1 414,1 345,1 344,2 346,2 0,1
552,2 541,1 531,2 543,3 0,0 0,0 0,0 0,6
552,2 521,2 543,1 0,0 0,0 0,0 0,0 0,1
224,1 348,1 343,1 414,1 415,1 417,1 346,1 0,2
552,1 515,1 514,1 542,1 543,1 0,0 0,0 0,1
224,1 348,1 347,1 359,1 341,1 364,1 351,1 0,1
442,1 348,2 415,1 457,2 414,1 411,1 351,2 0,1
224,1 348,1 416,1 346,1 344,1 351,1 414,1 0,3
224,1 348,1 448,1 525,1 358,1 361,1 0,0 0,1
291,1 348,2 520,3 448,1 427,2 426,3 0,0 0,1
224,1 533,1 426,1 153,1 415,1 344,1 346,1 0,1
224,1 366,1 348,1 426,1 141,1 361,1 362,1 0,1
224,1 348,1 158,1 351,1 424,1 401,1 346,1 0,1
552,2 348,2 320,1 345,1 0,0 0,0 0,0 0,1
554,1 409,3 348,2 424,3 344,2 417,2 0,0 0,1
291,1 497,1 424,3 351,2 179,3 0,0 0,0 0,1
552,1 348,1 230,1 358,1 493,1 542,1 0,0 0,1
224,1 361,1 340,1 357,1 138,1 141,1 359,1 0,1
291,1 542,2 348,2 337,1 520,2 394,1 0,0 0,1
442,1 348,2 409,1 414,1 345,1 344,1 346,2 0,1
442,1 542,1 339,1 387,1 280,1 351,2 0,0 0,1
224,1 184,1 514,1 371,1 424,1 427,1 346,1 0,1
552,1 339,1 169,1 385,1 306,1 381,1 426,1 0,1
224,1 361,1 354,1 341,1 359,1 357,1 346,1 0,1
224,1 348,1 436,1 424,1 351,1 357,1 366,1 0,1
291,1 348,2 457,2 411,3 351,2 490,3 422,1 0,1
442,1 348,1 409,3 414,2 345,1 344,2 346,1 0,1
503,1 492,1 424,1 555,1 344,1 0,0 0,0 0,1
291,1 339,1 542,1 519,2 387,1 381,3 394,1 0,1
552,2 544,3 543,3 542,1 525,1 527,3 0,0 0,1
240,1 348,1 343,1 414,1 345,1 344,1 346,1 0,1
224,1 361,1 360,1 192,1 141,1 426,1 136,1 0,1
552,2 542,1 543,3 538,3 537,1 0,0 0,0 0,1
552,1 409,1 0,0 0,0 0,0 0,0 0,0 0,1
552,1 514,1 542,1 543,1 515,1 0,0 0,0 0,1
442,1 348,1 450,1 387,2 346,2 0,0 0,0 0,1
552,2 343,1 533,3 345,1 0,0 0,0 0,0 0,1
224,1 157,1 425,1 399,1 162,1 396,1 0,0 0,1
552,1 533,1 543,1 0,0 0,0 0,0 0,0 0,2
442,1 348,1 347,2 457,2 351,1 386,1 346,2 0,1
224,1 190,1 158,1 396,1 399,1 161,1 395,1 0,1
224,2 514,3 184,1 424,1 371,3 346,1 427,1 0,1
224,1 514,1 184,1 424,1 371,1 427,1 378,1 0,1
224,1 457,1 361,1 354,1 424,1 138,1 357,1 0,2
224,1 514,1 346,1 184,1 371,1 424,1 427,1 0,3
503,1 492,1 504,1 353,2 366,1 0,0 0,0 0,1
224,1 348,1 395,1 402,1 161,1 346,1 158,1 0,1
224,1 514,1 346,1 184,1 424,1 371,1 427,1 0,2
552,2 541,1 531,1 543,2 0,0 0,0 0,0 0,1
224,2 348,1 345,1 344,2 346,2 411,3 0,0 0,1
224,1 542,1 348,1 415,1 417,1 414,1 546,1 0,1
552,2 541,1 531,1 543,3 0,0 0,0 0,0 0,1
442,1 368,3 372,1 448,1 371,3 0,0 0,0 0,1
552,2 514,2 543,2 544,2 0,0 0,0 0,0 0,1
442,1 348,1 345,2 420,1 414,1 411,2 346,1 0,1
291,1 492,1 359,1 448,1 0,0 0,0 0,0 0,1
224,1 339,1 381,1 424,1 387,1 385,1 337,1 0,1
442,1 348,2 347,2 426,3 421,1 420,1 346,2 0,1
442,1 348,1 409,3 414,2 345,1 344,1 346,1 0,1
552,2 533,2 543,1 0,0 0,0 0,0 0,0 0,1
224,1 184,1 369,1 371,1 424,1 183,1 427,1 0,1
442,1 348,2 409,1 414,1 345,2 344,1 346,1 0,1
552,2 541,2 531,2 543,3 0,0 0,0 0,0 0,2
442,1 361,1 354,1 351,2 138,1 357,3 139,1 0,1
442,1 348,2 347,2 430,1 351,1 0,0 0,0 0,1
224,1 346,1 348,1 395,1 161,1 402,1 158,1 0,2
224,1 348,1 397,1 401,1 402,1 0,0 0,0 0,1
552,2 514,3 542,1 543,2 513,2 0,0 0,0 0,1
442,1 348,2 409,2 414,2 345,2 344,2 346,2 0,1
