224,1 361,1 366,1 359,1 353,1 0,0 0,0 1,1
442,1 348,1 462,1 0,0 0,0 0,0 0,0 1,1
224,1 361,1 359,1 353,1 366,1 0,0 0,0 2,2
442,1 348,2 422,1 414,1 0,0 0,0 0,0 1,1
224,2 343,3 411,3 414,2 351,1 0,0 0,0 1,1
442,1 343,3 462,1 422,1 455,2 346,2 414,2 1,1
224,2 426,3 409,3 422,1 348,2 0,0 0,0 1,1
442,1 370,1 380,1 462,1 351,2 346,2 0,0 1,1
291,1 408,1 227,3 289,2 0,0 0,0 0,0 1,1
442,1 348,2 346,2 422,1 0,0 0,0 0,0 1,1
442,1 348,2 462,1 380,1 0,0 0,0 0,0 1,1
262,2 348,2 346,2 366,1 0,0 0,0 0,0 1,1
442,1 348,2 346,2 366,1 0,0 0,0 0,0 1,1
224,2 361,1 359,1 366,1 353,3 0,0 0,0 1,1
240,2 436,1 371,3 380,1 0,0 0,0 0,0 1,1
224,1 348,1 420,1 0,0 0,0 0,0 0,0 2,2
442,1 348,2 462,1 0,0 0,0 0,0 0,0 1,1
224,1 349,1 451,1 0,0 0,0 0,0 0,0 1,1
291,1 408,1 395,3 289,2 0,0 0,0 0,0 1,1
442,1 542,2 434,1 422,1 0,0 0,0 0,0 1,1
224,2 361,2 359,2 366,1 353,3 0,0 0,0 1,1
240,2 348,2 366,1 351,2 0,0 0,0 0,0 1,1
224,1 348,1 422,1 409,1 426,1 0,0 0,0 1,1
224,1 136,1 436,1 359,1 353,1 0,0 0,0 6,7
224,1 361,1 359,1 366,1 353,1 0,0 0,0 16,21
442,1 348,1 172,1 0,0 0,0 0,0 0,0 3,4
224,1 348,1 353,1 136,1 0,0 0,0 0,0 9,13
224,1 361,1 353,1 346,1 136,1 0,0 0,0 60,90
224,1 348,1 395,1 546,1 0,0 0,0 0,0 8,12
224,1 348,1 381,1 169,1 0,0 0,0 0,0 2,3
442,1 348,2 346,2 0,0 0,0 0,0 0,0 4,6
224,1 361,1 353,1 359,1 0,0 0,0 0,0 10,15
224,1 361,1 359,1 136,1 0,0 0,0 0,0 7,11
224,1 348,1 414,1 0,0 0,0 0,0 0,0 5,8
224,1 348,1 346,1 0,0 0,0 0,0 0,0 8,13
224,1 353,1 426,1 546,1 359,1 358,1 136,1 89,151
224,1 361,1 546,1 359,1 0,0 0,0 0,0 14,24
224,1 361,1 359,1 353,1 0,0 0,0 0,0 58,106
224,1 353,1 542,1 359,1 358,1 0,0 0,0 1,2
552,1 339,1 0,0 0,0 0,0 0,0 0,0 2,4
552,1 544,1 317,1 0,0 0,0 0,0 0,0 1,2
552,2 339,1 0,0 0,0 0,0 0,0 0,0 1,2
224,1 361,1 353,1 136,1 346,1 0,0 0,0 2,4
224,1 348,1 364,1 0,0 0,0 0,0 0,0 40,82
224,1 348,1 183,1 0,0 0,0 0,0 0,0 6,13
224,1 343,1 546,1 414,1 420,1 411,1 0,0 2,5
224,1 348,1 136,1 353,1 0,0 0,0 0,0 3,8
224,1 361,1 136,1 359,1 0,0 0,0 0,0 3,8
224,1 348,1 172,1 0,0 0,0 0,0 0,0 4,12
552,1 544,1 527,1 0,0 0,0 0,0 0,0 2,6
552,1 544,1 546,1 0,0 0,0 0,0 0,0 1,3
224,1 361,1 346,1 138,1 0,0 0,0 0,0 1,3
224,1 339,1 426,1 381,1 0,0 0,0 0,0 2,6
224,1 348,1 409,1 426,1 0,0 0,0 0,0 1,3
224,1 348,1 353,1 426,1 0,0 0,0 0,0 3,10
224,2 361,1 426,3 359,2 0,0 0,0 0,0 0,1
224,1 375,1 183,1 0,0 0,0 0,0 0,0 0,1
224,2 348,2 346,2 0,0 0,0 0,0 0,0 0,2
240,1 542,1 436,1 359,1 0,0 0,0 0,0 0,1
503,1 348,1 346,1 0,0 0,0 0,0 0,0 0,1
224,1 343,1 344,1 411,1 409,1 0,0 0,0 0,1
224,2 436,1 158,1 346,2 0,0 0,0 0,0 0,1
552,1 343,1 544,1 0,0 0,0 0,0 0,0 0,1
224,1 346,1 361,1 353,1 136,1 0,0 0,0 0,2
224,1 348,1 237,1 0,0 0,0 0,0 0,0 0,1
224,2 348,2 409,3 0,0 0,0 0,0 0,0 0,1
224,1 361,1 366,1 359,1 136,1 0,0 0,0 0,1
262,2 348,2 346,2 0,0 0,0 0,0 0,0 0,1
442,1 348,1 414,1 422,1 0,0 0,0 0,0 0,1
224,1 533,1 409,1 0,0 0,0 0,0 0,0 0,1
200,1 348,2 351,2 0,0 0,0 0,0 0,0 0,1
552,1 353,1 0,0 0,0 0,0 0,0 0,0 0,3
442,1 368,3 367,3 370,3 0,0 0,0 0,0 0,1
552,1 530,1 542,1 0,0 0,0 0,0 0,0 0,4
224,1 348,1 395,1 426,1 0,0 0,0 0,0 0,1
552,1 536,1 0,0 0,0 0,0 0,0 0,0 0,3
552,2 536,1 0,0 0,0 0,0 0,0 0,0 0,2
442,1 348,2 346,1 0,0 0,0 0,0 0,0 0,1
224,1 367,1 0,0 0,0 0,0 0,0 0,0 0,1
291,1 289,2 395,3 0,0 0,0 0,0 0,0 0,1
224,1 515,1 514,1 0,0 0,0 0,0 0,0 0,6
200,1 348,2 387,2 394,1 0,0 0,0 0,0 0,1
