438,2 428,2 341,2 0,0 0,0 0,0 0,0 1,1
438,1 361,1 358,1 366,1 0,0 0,0 0,0 1,1
438,2 361,1 527,3 426,2 0,0 0,0 0,0 1,1
438,2 340,3 358,2 353,3 0,0 0,0 0,0 2,2
438,2 361,1 542,1 0,0 0,0 0,0 0,0 2,2
438,1 361,1 353,1 138,1 0,0 0,0 0,0 4,4
438,2 426,3 359,2 357,3 0,0 0,0 0,0 1,1
438,2 353,3 426,1 341,2 359,2 366,1 0,0 1,1
438,2 340,3 353,1 358,2 0,0 0,0 0,0 4,4
438,2 361,1 359,1 0,0 0,0 0,0 0,0 2,2
438,2 353,1 341,1 359,2 0,0 0,0 0,0 1,1
258,2 366,1 137,3 542,2 351,2 0,0 0,0 1,1
438,2 340,3 366,1 341,2 0,0 0,0 0,0 1,1
438,1 366,1 364,1 359,1 341,1 0,0 0,0 1,1
438,2 340,3 426,3 359,2 0,0 0,0 0,0 1,1
438,2 361,2 366,1 359,2 0,0 0,0 0,0 8,8
145,2 353,1 458,2 357,3 0,0 0,0 0,0 1,1
145,1 361,1 458,1 0,0 0,0 0,0 0,0 1,1
438,2 366,1 353,3 359,2 357,3 0,0 0,0 1,1
258,2 361,2 366,1 352,1 0,0 0,0 0,0 1,1
438,2 366,1 353,3 341,2 458,1 0,0 0,0 1,1
438,2 353,3 366,1 359,2 357,3 0,0 0,0 1,1
438,2 366,1 426,2 357,3 351,1 0,0 0,0 1,1
438,2 361,2 138,1 136,1 0,0 0,0 0,0 1,1
438,2 361,1 366,1 359,1 0,0 0,0 0,0 2,2
438,2 361,1 366,1 359,2 0,0 0,0 0,0 4,4
438,1 361,1 366,1 359,1 0,0 0,0 0,0 4,4
438,2 361,1 136,1 364,1 0,0 0,0 0,0 1,1
438,2 361,2 138,2 136,2 0,0 0,0 0,0 1,1
438,2 366,1 353,3 458,1 358,2 426,3 0,0 1,1
438,2 366,1 353,3 458,2 358,2 426,2 0,0 1,1
438,1 366,1 361,1 359,1 0,0 0,0 0,0 1,1
258,2 361,1 366,1 359,2 353,3 0,0 0,0 1,1
438,1 353,1 426,1 458,1 359,1 0,0 0,0 1,1
145,1 543,1 527,1 0,0 0,0 0,0 0,0 1,1
258,1 361,1 366,1 359,1 353,1 0,0 0,0 7,8
438,2 361,2 359,2 366,1 0,0 0,0 0,0 16,19
438,2 361,1 141,1 0,0 0,0 0,0 0,0 4,5
438,2 361,1 359,2 366,1 0,0 0,0 0,0 4,5
438,2 361,2 359,2 0,0 0,0 0,0 0,0 17,22
438,1 366,1 361,1 141,1 0,0 0,0 0,0 3,4
438,2 361,1 359,1 366,1 0,0 0,0 0,0 11,15
438,2 340,3 353,3 358,2 0,0 0,0 0,0 11,16
438,1 361,1 359,1 366,1 0,0 0,0 0,0 20,30
438,2 361,1 527,3 426,1 0,0 0,0 0,0 2,3
438,2 361,1 359,2 0,0 0,0 0,0 0,0 4,6
438,2 356,3 353,3 357,3 0,0 0,0 0,0 4,6
438,1 361,1 356,1 0,0 0,0 0,0 0,0 2,3
438,1 353,1 341,1 359,1 426,1 0,0 0,0 2,3
438,1 361,1 138,1 136,1 0,0 0,0 0,0 16,25
438,1 361,1 141,1 0,0 0,0 0,0 0,0 111,178
145,1 361,1 0,0 0,0 0,0 0,0 0,0 3,5
145,1 361,1 426,1 359,1 0,0 0,0 0,0 3,5
438,2 366,1 361,1 359,1 0,0 0,0 0,0 3,5
145,1 361,1 359,1 426,1 0,0 0,0 0,0 16,27
438,1 361,1 359,1 0,0 0,0 0,0 0,0 25,43
438,1 361,1 353,1 364,1 0,0 0,0 0,0 85,152
438,2 353,1 342,1 0,0 0,0 0,0 0,0 5,9
145,1 361,1 359,1 353,1 0,0 0,0 0,0 6,11
438,1 361,1 138,1 353,1 0,0 0,0 0,0 63,122
438,1 542,1 361,1 0,0 0,0 0,0 0,0 46,91
438,1 353,1 426,1 341,1 359,1 0,0 0,0 4,8
438,1 361,1 542,1 0,0 0,0 0,0 0,0 11,22
438,2 353,3 341,2 458,1 0,0 0,0 0,0 1,2
548,1 541,1 527,1 0,0 0,0 0,0 0,0 1,2
438,2 361,2 358,2 366,1 0,0 0,0 0,0 1,2
438,1 361,1 364,1 353,1 0,0 0,0 0,0 2,4
438,1 353,1 341,1 359,1 0,0 0,0 0,0 1,2
438,2 361,2 542,1 0,0 0,0 0,0 0,0 3,6
438,2 361,1 138,1 353,1 0,0 0,0 0,0 1,2
438,2 361,1 353,1 364,1 0,0 0,0 0,0 1,2
438,1 366,1 361,1 542,1 0,0 0,0 0,0 4,8
438,2 366,1 361,1 542,2 0,0 0,0 0,0 7,14
438,1 342,1 353,1 0,0 0,0 0,0 0,0 1,2
438,2 353,3 341,2 458,2 0,0 0,0 0,0 2,4
438,2 361,2 191,1 0,0 0,0 0,0 0,0 1,2
548,1 325,1 0,0 0,0 0,0 0,0 0,0 1,2
438,2 353,3 426,3 341,2 359,2 366,1 0,0 2,4
438,2 361,2 351,1 0,0 0,0 0,0 0,0 1,2
438,1 361,1 527,1 426,1 0,0 0,0 0,0 34,81
438,2 353,3 342,1 0,0 0,0 0,0 0,0 5,12
438,2 353,1 341,2 359,2 0,0 0,0 0,0 2,5
438,2 361,1 356,3 0,0 0,0 0,0 0,0 2,5
438,2 361,2 351,2 0,0 0,0 0,0 0,0 1,3
438,2 366,1 361,1 542,1 0,0 0,0 0,0 1,3
438,2 140,1 136,1 426,1 0,0 0,0 0,0 1,3
438,2 366,1 361,1 141,1 0,0 0,0 0,0 2,6
145,1 544,1 527,1 0,0 0,0 0,0 0,0 1,3
438,1 353,1 426,1 525,1 359,1 0,0 0,0 3,10
145,1 361,1 359,1 136,1 0,0 0,0 0,0 1,4
438,1 353,1 341,1 458,1 0,0 0,0 0,0 1,4
438,2 361,2 542,2 0,0 0,0 0,0 0,0 1,4
145,1 361,1 341,1 0,0 0,0 0,0 0,0 1,4
438,1 361,1 353,1 427,1 0,0 0,0 0,0 1,4
438,2 353,3 341,2 359,2 0,0 0,0 0,0 4,18
548,1 544,1 0,0 0,0 0,0 0,0 0,0 1,5
438,1 136,1 361,1 353,1 426,1 0,0 0,0 1,5
438,2 361,1 527,2 426,1 0,0 0,0 0,0 0,1
438,2 140,2 136,1 426,1 0,0 0,0 0,0 0,1
145,1 544,1 351,1 0,0 0,0 0,0 0,0 0,1
438,1 136,1 425,1 426,1 0,0 0,0 0,0 0,2
438,1 527,1 526,1 0,0 0,0 0,0 0,0 0,1
548,2 526,3 0,0 0,0 0,0 0,0 0,0 0,1
438,1 544,1 359,1 0,0 0,0 0,0 0,0 0,2
438,2 361,2 366,1 351,2 0,0 0,0 0,0 0,1
438,2 426,1 542,1 359,2 427,2 0,0 0,0 0,1
438,2 366,1 361,2 351,1 0,0 0,0 0,0 0,1
438,2 230,1 527,3 542,2 359,1 0,0 0,0 0,1
438,2 361,1 542,2 0,0 0,0 0,0 0,0 0,1
258,2 361,2 351,2 426,3 0,0 0,0 0,0 0,1
438,2 428,2 357,3 0,0 0,0 0,0 0,0 0,1
438,2 366,1 353,3 458,2 358,2 426,3 0,0 0,1
438,2 361,2 191,3 0,0 0,0 0,0 0,0 0,1
438,2 353,2 341,1 359,2 0,0 0,0 0,0 0,2
438,1 353,1 354,1 426,1 358,1 0,0 0,0 0,1
438,2 353,3 341,1 359,2 0,0 0,0 0,0 0,3
438,2 361,2 448,1 0,0 0,0 0,0 0,0 0,1
438,2 366,1 426,2 341,2 351,1 353,3 0,0 0,1
438,1 361,1 138,1 426,1 0,0 0,0 0,0 0,2
438,1 361,1 448,1 0,0 0,0 0,0 0,0 0,1
145,1 361,1 136,1 359,1 0,0 0,0 0,0 0,1
438,2 366,1 353,3 458,1 358,2 426,1 0,0 0,2
438,1 526,1 138,1 0,0 0,0 0,0 0,0 0,1
438,1 424,1 361,1 0,0 0,0 0,0 0,0 0,1
145,1 361,1 353,1 359,1 0,0 0,0 0,0 0,1
438,2 140,2 136,3 426,1 0,0 0,0 0,0 0,1
145,1 349,1 351,1 426,1 0,0 0,0 0,0 0,2
438,1 353,1 458,1 358,1 0,0 0,0 0,0 0,1
438,2 361,2 366,1 364,2 426,3 0,0 0,0 0,1
438,1 364,1 361,1 353,1 0,0 0,0 0,0 0,1
438,2 361,2 141,1 0,0 0,0 0,0 0,0 0,1
548,2 541,1 527,2 0,0 0,0 0,0 0,0 0,1
438,2 353,3 341,2 359,1 0,0 0,0 0,0 0,1
438,2 340,3 366,1 458,1 0,0 0,0 0,0 0,1
438,2 361,2 359,1 366,1 0,0 0,0 0,0 0,1
438,1 361,1 191,1 0,0 0,0 0,0 0,0 0,3
438,1 353,1 426,1 359,1 525,1 0,0 0,0 0,2
438,1 361,1 351,1 0,0 0,0 0,0 0,0 0,1
438,1 190,1 426,1 0,0 0,0 0,0 0,0 0,1
438,2 366,1 361,1 359,2 0,0 0,0 0,0 0,1
145,1 426,1 0,0 0,0 0,0 0,0 0,0 0,4
438,1 340,1 358,1 353,1 0,0 0,0 0,0 0,1
438,2 353,3 140,1 426,1 0,0 0,0 0,0 0,1
438,1 361,1 136,1 138,1 0,0 0,0 0,0 0,1
438,1 527,1 138,1 427,1 351,1 366,1 0,0 0,1
438,1 136,1 527,1 423,1 0,0 0,0 0,0 0,1
145,1 349,1 527,1 0,0 0,0 0,0 0,0 0,1
438,2 361,2 138,2 136,1 0,0 0,0 0,0 0,1
438,2 361,2 138,3 136,1 0,0 0,0 0,0 0,1
