437,2 426,3 394,1 381,3 175,2 351,2 0,0 1,1
437,2 394,1 381,3 172,1 385,3 0,0 0,0 5,5
437,2 174,1 394,1 427,1 0,0 0,0 0,0 1,1
437,1 394,1 383,1 517,1 392,1 426,1 0,0 1,1
437,2 394,1 381,3 172,2 337,3 351,2 0,0 1,1
507,1 383,2 381,3 394,1 337,3 0,0 0,0 2,2
437,2 381,3 459,2 394,1 351,2 392,1 0,0 1,1
547,2 426,1 381,3 306,2 0,0 0,0 0,0 1,1
437,2 394,1 169,3 381,3 426,3 385,3 0,0 1,1
437,2 381,3 459,2 517,1 392,1 394,1 0,0 1,1
437,2 339,1 296,1 394,1 0,0 0,0 0,0 1,1
437,2 169,3 381,3 426,3 394,1 385,3 0,0 3,3
437,2 426,3 459,2 392,2 172,1 169,1 0,0 1,1
437,2 394,1 459,2 385,3 0,0 0,0 0,0 1,1
437,2 169,1 381,1 426,2 385,1 0,0 0,0 1,1
547,2 381,3 306,3 426,2 0,0 0,0 0,0 1,1
437,2 428,2 273,3 351,2 0,0 0,0 0,0 1,1
437,2 383,3 169,1 427,1 172,1 381,3 0,0 1,1
437,2 426,2 394,1 339,1 0,0 0,0 0,0 2,2
437,2 251,1 337,3 392,1 172,1 0,0 0,0 2,2
178,2 428,2 385,3 394,1 0,0 0,0 0,0 1,1
437,2 381,3 169,1 426,3 172,1 382,3 0,0 2,2
437,2 426,3 519,2 172,1 394,1 0,0 0,0 1,1
437,2 426,3 459,2 517,1 392,1 394,1 0,0 1,1
437,1 339,1 296,1 0,0 0,0 0,0 0,0 1,1
178,2 394,1 339,1 237,1 0,0 0,0 0,0 1,1
437,1 394,1 169,1 381,1 426,1 168,1 172,1 1,1
437,1 394,1 385,1 387,1 0,0 0,0 0,0 1,1
437,2 381,3 174,1 426,3 0,0 0,0 0,0 1,1
178,2 339,1 172,1 394,1 0,0 0,0 0,0 1,1
437,2 381,1 251,2 172,1 382,1 0,0 0,0 1,1
178,2 394,1 339,1 172,1 0,0 0,0 0,0 1,1
437,1 381,1 169,1 337,1 175,1 0,0 0,0 1,1
437,2 426,1 394,1 381,3 448,1 392,1 172,2 1,1
437,2 394,1 251,1 448,1 172,1 392,1 0,0 1,1
437,2 388,2 426,1 0,0 0,0 0,0 0,0 1,1
437,2 394,1 381,3 385,3 392,1 0,0 0,0 1,1
437,2 381,3 251,2 172,1 382,1 0,0 0,0 2,2
437,2 169,1 339,1 0,0 0,0 0,0 0,0 1,1
437,2 426,3 459,2 381,3 382,3 394,1 0,0 3,3
437,1 381,1 426,1 169,1 382,1 172,1 0,0 1,1
437,2 381,1 251,2 172,1 382,3 0,0 0,0 1,1
437,1 383,1 381,1 394,1 392,1 172,1 426,1 1,1
178,2 542,1 175,2 337,3 0,0 0,0 0,0 1,1
437,2 381,3 394,1 385,3 392,2 0,0 0,0 4,4
437,2 172,1 542,1 428,2 0,0 0,0 0,0 1,1
437,2 383,3 459,2 172,1 394,1 381,3 0,0 1,1
437,2 381,3 426,3 338,1 172,1 394,1 0,0 1,1
437,2 381,3 169,3 426,3 172,2 382,3 0,0 1,1
437,2 428,2 351,2 426,3 394,1 169,1 0,0 1,1
437,2 383,2 385,3 394,1 0,0 0,0 0,0 1,1
507,1 383,3 381,3 394,1 337,3 0,0 0,0 5,5
437,2 381,3 338,2 386,2 0,0 0,0 0,0 1,1
437,2 381,1 428,2 351,2 426,2 0,0 0,0 1,1
437,2 383,3 459,2 381,3 172,2 0,0 0,0 1,1
437,2 383,1 385,3 394,1 0,0 0,0 0,0 1,1
437,2 428,2 459,2 273,1 0,0 0,0 0,0 1,1
437,1 427,1 426,1 381,1 517,1 172,1 0,0 1,1
437,2 383,3 459,2 394,1 172,1 381,3 0,0 1,1
437,2 381,3 172,1 385,1 0,0 0,0 0,0 2,2
437,2 383,2 394,1 385,2 0,0 0,0 0,0 1,1
437,2 394,1 428,2 351,2 392,2 0,0 0,0 4,4
437,2 426,3 381,3 169,1 385,3 0,0 0,0 1,1
437,2 394,1 459,2 337,3 351,2 0,0 0,0 1,1
437,2 426,2 381,3 517,1 427,2 172,1 0,0 2,2
437,2 383,3 459,2 381,3 394,1 172,1 0,0 1,1
437,2 394,1 383,3 392,1 172,1 427,2 0,0 2,2
547,2 305,2 0,0 0,0 0,0 0,0 0,0 1,1
437,2 394,1 426,3 169,1 381,3 385,3 0,0 1,1
437,2 251,1 459,1 394,1 172,1 392,1 0,0 1,1
437,2 394,1 381,3 172,1 337,3 351,2 0,0 1,1
437,1 383,1 351,1 337,1 0,0 0,0 0,0 1,1
437,2 381,3 394,1 385,3 392,1 0,0 0,0 1,1
437,2 383,3 426,2 381,3 394,1 392,2 172,1 1,1
437,2 169,1 251,2 172,1 175,1 0,0 0,0 3,3
437,1 381,1 394,1 385,1 392,1 0,0 0,0 1,1
437,1 169,1 273,1 385,1 0,0 0,0 0,0 1,1
437,1 383,1 381,1 382,1 394,1 0,0 0,0 1,1
178,2 394,1 241,2 387,2 427,2 0,0 0,0 1,1
437,2 426,1 381,3 169,1 385,3 0,0 0,0 1,1
178,2 428,2 394,1 175,1 172,1 0,0 0,0 1,1
437,2 251,1 381,1 387,1 351,2 0,0 0,0 1,1
437,1 383,1 426,1 172,1 386,1 0,0 0,0 1,1
437,2 383,3 426,3 381,3 394,1 392,2 172,1 1,1
437,2 383,3 381,3 394,1 392,2 337,3 0,0 1,1
437,2 169,3 251,1 172,1 175,1 0,0 0,0 1,1
437,1 170,1 168,1 169,1 0,0 0,0 0,0 1,1
437,2 381,3 459,2 394,1 392,2 172,1 296,1 1,1
437,2 339,1 296,1 0,0 0,0 0,0 0,0 1,1
547,2 381,3 310,1 394,1 0,0 0,0 0,0 1,1
437,2 383,3 175,1 392,2 0,0 0,0 0,0 1,1
437,2 383,3 394,1 172,1 427,2 392,2 0,0 1,1
437,2 169,1 381,3 426,3 394,1 385,1 0,0 1,1
437,1 387,1 382,1 427,1 0,0 0,0 0,0 1,1
437,1 381,1 169,1 496,1 172,1 0,0 0,0 1,1
507,1 169,1 337,3 381,3 394,1 172,1 0,0 1,1
437,2 383,3 381,3 426,1 172,1 392,1 0,0 1,1
507,1 542,1 428,2 394,1 0,0 0,0 0,0 1,1
178,2 383,3 459,2 394,1 172,2 392,2 0,0 1,1
437,2 383,3 382,3 427,2 0,0 0,0 0,0 1,1
437,1 394,1 381,1 427,1 385,1 0,0 0,0 1,1
437,2 426,3 394,1 337,3 351,2 237,2 0,0 1,1
178,2 394,1 177,1 0,0 0,0 0,0 0,0 1,1
437,2 383,3 459,2 386,2 394,1 0,0 0,0 1,1
257,2 381,1 426,2 339,1 0,0 0,0 0,0 1,1
437,2 383,3 542,2 517,1 0,0 0,0 0,0 1,1
437,2 394,1 426,3 296,1 517,1 392,2 172,1 1,1
178,2 339,1 427,1 0,0 0,0 0,0 0,0 2,2
437,2 394,1 169,1 339,1 0,0 0,0 0,0 1,1
437,1 381,1 251,1 519,1 0,0 0,0 0,0 1,1
437,2 428,2 424,1 392,1 0,0 0,0 0,0 3,3
437,2 381,1 394,1 337,3 351,2 427,2 0,0 1,1
437,2 381,3 385,3 462,1 0,0 0,0 0,0 1,1
437,2 427,1 169,1 337,3 387,1 394,1 0,0 1,1
437,2 394,1 517,1 337,3 351,2 0,0 0,0 1,1
437,2 383,3 394,1 427,2 382,2 0,0 0,0 1,1
437,2 394,1 426,1 337,3 351,2 392,1 0,0 1,1
437,2 518,1 351,2 394,1 381,3 0,0 0,0 1,1
547,2 426,1 381,3 306,2 394,1 0,0 0,0 1,1
257,1 394,1 339,1 427,1 0,0 0,0 0,0 1,1
437,2 383,3 381,3 394,1 392,1 337,3 0,0 1,1
437,2 383,2 169,1 172,1 351,2 0,0 0,0 1,1
507,1 542,2 428,2 394,1 0,0 0,0 0,0 1,1
178,2 383,3 459,2 172,2 392,2 0,0 0,0 1,1
437,2 394,1 381,2 172,1 385,2 0,0 0,0 1,1
257,2 383,3 459,2 381,3 351,2 394,1 0,0 1,1
437,2 383,3 459,2 337,3 394,1 0,0 0,0 1,1
178,1 388,1 237,1 394,1 0,0 0,0 0,0 1,1
437,2 383,3 426,3 387,1 172,1 0,0 0,0 1,1
437,2 169,2 381,1 426,1 394,1 385,1 0,0 1,1
437,1 251,1 386,1 392,1 172,1 0,0 0,0 1,1
257,2 339,1 172,1 0,0 0,0 0,0 0,0 1,1
437,1 172,1 426,1 169,1 381,1 389,1 0,0 4,4
437,2 381,3 394,1 392,1 385,3 0,0 0,0 1,1
437,2 381,3 394,1 392,1 385,1 0,0 0,0 1,1
437,2 381,2 172,1 385,3 0,0 0,0 0,0 5,5
437,2 428,2 448,1 392,1 0,0 0,0 0,0 1,1
437,1 169,1 381,1 385,1 394,1 426,1 0,0 1,1
437,1 383,1 381,1 172,1 424,1 0,0 0,0 2,2
437,1 381,1 382,1 426,1 169,1 172,1 0,0 1,1
437,2 169,1 381,2 426,3 385,3 0,0 0,0 1,1
437,2 518,2 382,3 394,1 0,0 0,0 0,0 1,1
437,2 428,2 387,2 392,1 394,1 0,0 0,0 1,1
437,2 383,3 423,3 394,1 0,0 0,0 0,0 1,1
437,2 383,3 169,1 382,3 426,3 394,1 0,0 1,1
437,2 386,1 351,2 426,1 392,1 394,1 0,0 1,1
437,2 394,1 381,1 392,2 385,3 0,0 0,0 1,1
437,2 383,3 387,1 351,2 0,0 0,0 0,0 1,1
437,2 383,1 459,1 337,3 0,0 0,0 0,0 1,1
437,2 387,1 392,1 351,2 381,1 0,0 0,0 1,1
437,2 459,2 387,1 337,3 394,1 0,0 0,0 1,1
437,2 424,3 448,1 351,1 394,1 0,0 0,0 1,1
437,2 349,3 459,2 0,0 0,0 0,0 0,0 1,1
437,2 385,3 459,2 394,1 0,0 0,0 0,0 1,1
437,2 426,2 169,1 381,2 385,2 0,0 0,0 1,1
437,2 264,3 251,1 171,1 394,1 0,0 0,0 1,1
437,2 394,1 517,1 385,1 0,0 0,0 0,0 2,2
437,2 542,1 349,3 394,1 0,0 0,0 0,0 1,1
437,2 428,1 381,3 169,1 387,2 394,1 0,0 1,1
437,2 338,2 392,1 172,1 394,1 0,0 0,0 1,1
437,2 337,3 382,3 392,1 394,1 0,0 0,0 1,1
437,2 427,1 382,3 337,3 394,1 0,0 0,0 1,1
437,2 428,2 392,1 337,3 0,0 0,0 0,0 1,1
437,2 387,1 424,3 386,1 394,1 0,0 0,0 1,1
257,2 381,2 394,1 169,1 339,1 0,0 0,0 1,1
437,2 350,2 392,1 394,1 0,0 0,0 0,0 1,1
437,1 427,1 381,1 426,1 517,1 172,1 0,0 3,3
437,2 383,3 459,2 381,3 172,1 0,0 0,0 1,1
437,2 381,3 459,2 517,1 172,2 394,1 0,0 1,1
257,2 381,2 426,1 339,1 0,0 0,0 0,0 2,2
437,2 424,1 387,1 351,2 0,0 0,0 0,0 1,1
437,1 231,1 0,0 0,0 0,0 0,0 0,0 1,1
507,1 383,3 381,3 337,3 0,0 0,0 0,0 1,1
437,2 381,3 459,1 394,1 426,1 382,3 0,0 1,1
437,2 428,2 459,2 392,2 394,1 0,0 0,0 1,1
178,1 381,1 169,1 394,1 339,1 0,0 0,0 1,1
257,2 381,2 426,3 339,1 0,0 0,0 0,0 1,1
437,2 426,3 169,2 381,2 385,3 0,0 0,0 1,1
437,1 383,1 381,1 426,1 427,1 172,1 0,0 9,9
437,1 383,1 387,1 172,1 426,1 0,0 0,0 1,1
437,2 394,1 387,2 337,3 169,1 172,1 0,0 2,2
498,2 381,3 394,1 339,1 0,0 0,0 0,0 2,2
437,2 287,3 387,2 394,1 0,0 0,0 0,0 1,1
437,2 169,3 172,2 385,3 394,1 0,0 0,0 1,1
178,1 174,1 172,1 381,1 0,0 0,0 0,0 1,1
437,1 384,1 381,1 0,0 0,0 0,0 0,0 2,2
437,1 394,1 517,1 519,1 0,0 0,0 0,0 1,1
257,2 339,1 273,2 0,0 0,0 0,0 0,0 1,1
437,1 383,1 381,1 387,1 172,1 0,0 0,0 1,1
178,1 337,1 452,1 0,0 0,0 0,0 0,0 1,1
178,1 387,1 171,1 427,1 0,0 0,0 0,0 1,1
437,2 394,1 169,1 381,2 426,3 385,2 0,0 1,1
437,2 426,1 169,2 381,2 385,3 0,0 0,0 1,1
178,1 542,1 519,1 0,0 0,0 0,0 0,0 1,1
257,1 521,1 0,0 0,0 0,0 0,0 0,0 1,1
498,1 381,1 394,1 339,1 0,0 0,0 0,0 7,7
437,2 169,1 381,3 426,1 337,3 351,2 394,1 1,1
437,2 387,1 337,2 381,1 172,1 0,0 0,0 1,1
178,2 339,1 427,2 394,1 0,0 0,0 0,0 1,1
547,1 305,1 381,1 0,0 0,0 0,0 0,0 1,1
178,2 394,1 339,1 172,2 0,0 0,0 0,0 1,1
437,2 381,3 338,2 172,1 169,1 0,0 0,0 1,1
437,2 426,1 387,1 351,2 172,1 0,0 0,0 1,1
547,2 381,1 310,1 0,0 0,0 0,0 0,0 1,1
507,1 383,3 381,3 394,1 337,1 0,0 0,0 1,1
437,2 383,3 448,1 517,1 394,1 0,0 0,0 1,1
437,2 394,1 169,1 381,2 426,3 385,3 0,0 1,1
437,1 426,1 459,1 381,1 382,1 394,1 0,0 1,1
437,2 287,3 459,2 0,0 0,0 0,0 0,0 1,1
437,2 383,1 448,1 337,3 0,0 0,0 0,0 1,1
437,1 381,1 459,1 517,1 172,1 0,0 0,0 1,1
178,1 349,1 337,1 0,0 0,0 0,0 0,0 1,1
437,2 394,1 381,3 392,2 385,3 0,0 0,0 19,20
437,2 428,2 459,2 394,1 392,1 0,0 0,0 14,15
437,2 426,1 169,2 381,3 385,3 0,0 0,0 8,9
437,2 387,1 424,3 351,2 0,0 0,0 0,0 6,7
437,2 381,1 394,1 337,3 351,2 427,1 0,0 6,7
437,2 426,3 169,2 381,3 385,2 0,0 0,0 6,7
437,2 383,3 394,1 172,1 427,2 392,1 0,0 12,14
178,2 339,1 172,2 394,1 0,0 0,0 0,0 5,6
437,2 394,1 381,3 392,1 385,3 0,0 0,0 5,6
437,2 428,2 459,2 394,1 392,2 0,0 0,0 5,6
437,1 383,1 426,1 387,1 172,1 0,0 0,0 10,12
437,2 428,2 459,2 392,2 0,0 0,0 0,0 5,6
437,2 394,1 381,3 427,2 385,3 0,0 0,0 9,11
437,2 394,1 169,1 172,1 385,3 0,0 0,0 17,21
437,2 387,2 424,3 351,2 0,0 0,0 0,0 21,26
437,2 428,2 459,2 392,1 394,1 0,0 0,0 4,5
437,2 383,3 459,2 351,2 0,0 0,0 0,0 12,15
507,1 383,3 459,2 394,1 381,3 0,0 0,0 4,5
437,1 383,1 394,1 385,1 0,0 0,0 0,0 4,5
437,2 169,2 251,1 172,1 175,1 0,0 0,0 4,5
437,2 426,2 381,3 517,1 427,1 172,1 0,0 4,5
437,1 169,1 426,1 381,1 394,1 385,1 0,0 4,5
437,2 387,2 424,2 351,2 0,0 0,0 0,0 4,5
437,2 426,3 381,3 517,1 427,1 172,1 0,0 8,10
437,2 383,3 337,3 351,2 0,0 0,0 0,0 4,5
437,2 426,2 169,3 381,3 385,3 0,0 0,0 11,14
437,2 426,1 459,2 392,2 172,1 169,1 0,0 7,9
437,1 169,1 251,1 172,1 175,1 0,0 0,0 44,57
437,2 169,1 251,1 172,1 175,1 0,0 0,0 13,17
437,2 383,3 337,3 351,2 394,1 0,0 0,0 22,29
437,2 383,3 459,2 387,2 394,1 0,0 0,0 3,4
437,2 428,1 459,2 394,1 392,1 0,0 0,0 3,4
437,2 426,3 459,1 517,1 392,1 394,1 0,0 3,4
178,1 388,1 0,0 0,0 0,0 0,0 0,0 6,8
437,2 426,2 519,1 172,1 0,0 0,0 0,0 3,4
437,2 383,3 459,2 337,3 0,0 0,0 0,0 6,8
437,2 394,1 426,3 339,1 0,0 0,0 0,0 3,4
437,2 426,3 169,1 381,3 385,3 0,0 0,0 6,8
437,2 169,1 381,3 426,3 394,1 385,3 0,0 3,4
437,2 383,3 517,1 351,2 0,0 0,0 0,0 9,12
437,2 383,3 381,1 386,1 172,1 0,0 0,0 6,8
437,2 169,1 381,2 385,3 426,3 0,0 0,0 6,8
437,2 394,1 169,1 381,3 426,2 385,2 0,0 11,15
437,2 426,1 169,1 381,1 385,2 0,0 0,0 11,15
437,2 394,1 169,1 381,3 426,3 385,3 0,0 22,30
437,1 169,1 394,1 517,1 172,1 392,1 381,1 43,59
437,2 426,1 169,1 381,2 385,3 0,0 0,0 5,7
437,2 426,1 381,1 517,1 427,1 172,1 0,0 5,7
437,2 426,1 394,1 339,1 0,0 0,0 0,0 20,28
437,2 428,2 459,1 392,1 394,1 0,0 0,0 5,7
437,2 428,2 459,2 427,2 0,0 0,0 0,0 5,7
437,2 426,3 169,3 381,3 385,3 0,0 0,0 12,17
437,2 428,2 351,2 172,1 0,0 0,0 0,0 7,10
437,2 426,3 169,3 381,2 385,3 0,0 0,0 7,10
437,2 381,3 394,1 385,3 172,1 0,0 0,0 46,66
437,2 169,1 381,1 426,1 394,1 385,1 0,0 4,6
437,2 428,2 172,1 337,3 0,0 0,0 0,0 4,6
437,2 381,3 169,1 426,3 172,1 382,3 394,1 2,3
437,2 390,1 394,1 0,0 0,0 0,0 0,0 2,3
437,2 381,3 394,1 392,1 385,2 0,0 0,0 2,3
437,2 383,3 382,3 172,1 0,0 0,0 0,0 2,3
437,1 251,1 381,1 426,1 448,1 427,1 0,0 2,3
437,2 381,3 251,2 172,1 382,2 0,0 0,0 2,3
437,2 381,3 459,1 517,1 392,1 394,1 0,0 6,9
437,2 387,2 337,3 169,1 172,1 0,0 0,0 2,3
437,2 383,3 459,2 394,1 351,2 0,0 0,0 2,3
437,2 381,3 394,1 351,2 337,3 392,1 0,0 6,9
437,2 169,1 394,1 517,1 172,1 392,1 381,1 2,3
437,2 394,1 428,2 172,1 337,3 0,0 0,0 2,3
178,1 394,1 339,1 427,1 0,0 0,0 0,0 2,3
437,2 383,3 381,3 351,2 172,1 0,0 0,0 2,3
498,1 394,1 381,1 339,1 0,0 0,0 0,0 2,3
437,2 383,3 459,2 351,2 394,1 0,0 0,0 2,3
437,2 381,2 251,1 172,1 382,3 0,0 0,0 2,3
437,2 394,1 381,3 383,3 517,1 172,1 0,0 2,3
437,2 387,2 424,1 351,2 0,0 0,0 0,0 4,6
437,2 394,1 381,2 392,2 385,3 0,0 0,0 2,3
437,1 381,1 519,1 427,1 0,0 0,0 0,0 2,3
437,2 428,2 459,2 172,1 0,0 0,0 0,0 4,6
437,1 424,1 387,1 337,1 0,0 0,0 0,0 10,15
437,2 426,3 169,1 381,1 385,2 0,0 0,0 2,3
437,2 428,2 459,2 392,1 0,0 0,0 0,0 38,57
437,2 426,2 169,1 381,2 385,3 0,0 0,0 2,3
437,2 381,3 394,1 385,2 172,1 0,0 0,0 4,6
437,1 381,1 394,1 392,1 385,1 0,0 0,0 86,131
437,2 426,1 169,1 381,3 385,3 0,0 0,0 21,32
437,1 394,1 381,1 339,1 0,0 0,0 0,0 34,53
437,1 394,1 383,1 392,1 172,1 427,1 0,0 41,64
437,2 426,3 169,3 381,3 385,2 0,0 0,0 7,11
437,1 394,1 426,1 339,1 0,0 0,0 0,0 72,115
437,2 426,2 169,2 381,3 385,2 0,0 0,0 5,8
257,2 383,3 381,3 385,3 0,0 0,0 0,0 5,8
437,2 381,3 394,1 337,3 351,2 427,2 0,0 10,16
437,2 394,1 169,1 381,3 426,1 385,2 0,0 48,77
178,1 231,1 381,1 0,0 0,0 0,0 0,0 52,84
437,2 426,1 169,1 381,1 385,3 0,0 0,0 8,13
437,2 169,1 381,3 385,3 426,1 0,0 0,0 22,36
437,1 394,1 169,1 172,1 385,1 0,0 0,0 22,36
437,2 381,1 339,1 0,0 0,0 0,0 0,0 28,46
178,1 394,1 339,1 172,1 0,0 0,0 0,0 3,5
437,2 426,3 169,1 381,3 385,2 0,0 0,0 9,15
437,2 394,1 428,2 351,2 273,3 0,0 0,0 6,10
437,2 381,2 339,1 0,0 0,0 0,0 0,0 3,5
437,2 394,1 169,1 381,3 426,2 385,3 0,0 3,5
437,2 428,2 459,1 392,1 0,0 0,0 0,0 6,10
437,2 381,3 339,1 394,1 0,0 0,0 0,0 3,5
437,2 426,3 169,2 381,3 385,3 0,0 0,0 3,5
437,2 394,1 169,3 172,1 385,3 0,0 0,0 3,5
437,1 426,1 381,1 517,1 427,1 172,1 0,0 334,559
437,1 383,1 381,1 517,1 172,1 0,0 0,0 16,27
437,1 387,1 424,1 351,1 0,0 0,0 0,0 16,27
437,1 394,1 381,1 172,1 385,1 0,0 0,0 26,44
178,1 381,1 542,1 519,1 0,0 0,0 0,0 14,24
178,1 339,1 427,1 394,1 0,0 0,0 0,0 11,19
437,2 383,3 385,3 394,1 0,0 0,0 0,0 15,26
437,2 383,3 381,2 386,2 172,1 0,0 0,0 12,21
178,2 381,3 339,1 0,0 0,0 0,0 0,0 4,7
547,2 544,2 0,0 0,0 0,0 0,0 0,0 4,7
437,2 426,2 169,1 381,3 385,2 0,0 0,0 4,7
437,2 169,1 381,1 385,3 426,1 0,0 0,0 8,14
437,1 383,1 169,1 386,1 172,1 0,0 0,0 4,7
437,2 381,3 426,3 338,2 172,1 0,0 0,0 4,7
437,2 426,2 169,1 381,3 385,3 0,0 0,0 4,7
437,2 428,2 459,1 394,1 392,1 0,0 0,0 12,21
178,1 394,1 339,1 392,1 0,0 0,0 0,0 8,14
437,1 387,1 337,1 169,1 172,1 0,0 0,0 13,23
437,2 383,3 394,1 385,3 0,0 0,0 0,0 13,23
178,1 381,1 339,1 426,1 0,0 0,0 0,0 9,16
178,1 339,1 273,1 0,0 0,0 0,0 0,0 55,98
178,1 381,1 339,1 169,1 0,0 0,0 0,0 66,118
437,2 394,1 169,1 381,3 426,3 385,2 0,0 19,34
437,2 383,3 459,2 387,2 0,0 0,0 0,0 10,18
437,1 394,1 428,1 337,1 172,1 0,0 0,0 5,9
547,1 520,1 0,0 0,0 0,0 0,0 0,0 5,9
437,1 339,1 169,1 0,0 0,0 0,0 0,0 6,11
437,1 251,1 381,1 385,1 0,0 0,0 0,0 6,11
178,1 381,1 519,1 387,1 0,0 0,0 0,0 46,85
437,2 428,1 459,2 392,1 0,0 0,0 0,0 48,89
437,2 339,1 0,0 0,0 0,0 0,0 0,0 7,13
178,1 339,1 392,1 0,0 0,0 0,0 0,0 579,1084
498,1 381,2 394,1 339,1 0,0 0,0 0,0 16,30
178,1 174,1 387,1 0,0 0,0 0,0 0,0 90,169
437,2 394,1 169,1 381,3 426,1 385,3 0,0 17,32
437,1 426,1 381,1 169,1 382,1 172,1 0,0 9,17
437,2 381,3 172,1 385,2 0,0 0,0 0,0 27,51
437,2 394,1 381,3 339,1 0,0 0,0 0,0 71,135
178,2 339,1 392,1 0,0 0,0 0,0 0,0 13,25
437,1 394,1 381,1 392,1 385,1 0,0 0,0 15,29
437,1 426,1 394,1 339,1 0,0 0,0 0,0 18,35
437,2 381,3 172,1 385,3 0,0 0,0 0,0 18,35
437,1 169,1 385,1 172,1 0,0 0,0 0,0 55,108
437,2 381,1 394,1 385,3 172,1 0,0 0,0 1,2
437,1 169,1 381,1 517,1 172,1 427,1 0,0 5,10
437,2 381,2 394,1 385,3 172,1 0,0 0,0 5,10
178,1 384,1 337,1 0,0 0,0 0,0 0,0 1,2
437,2 169,1 381,2 426,1 394,1 385,1 0,0 1,2
437,2 169,3 381,3 426,1 337,3 351,1 394,1 1,2
437,2 426,1 169,3 381,3 385,3 0,0 0,0 5,10
437,2 381,3 169,1 394,1 337,3 172,1 392,1 2,4
437,2 426,2 169,3 381,3 385,2 0,0 0,0 6,12
437,2 426,3 169,1 381,2 385,2 0,0 0,0 1,2
178,1 388,1 172,1 0,0 0,0 0,0 0,0 5,10
498,2 426,3 394,1 339,1 0,0 0,0 0,0 2,4
437,2 426,2 169,2 381,2 385,3 0,0 0,0 1,2
437,1 339,1 381,1 394,1 0,0 0,0 0,0 3,6
178,1 394,1 251,1 339,1 0,0 0,0 0,0 1,2
437,2 426,1 169,3 381,2 385,3 0,0 0,0 1,2
437,2 394,1 428,2 351,2 392,1 0,0 0,0 1,2
178,1 383,1 338,1 172,1 0,0 0,0 0,0 1,2
437,1 387,1 172,1 381,1 337,1 0,0 0,0 1,2
437,2 443,1 387,1 394,1 0,0 0,0 0,0 1,2
437,2 383,3 459,1 381,3 392,1 394,1 0,0 2,4
437,2 394,1 428,2 337,3 172,1 0,0 0,0 2,4
178,1 177,1 0,0 0,0 0,0 0,0 0,0 1,2
437,2 381,3 459,1 351,2 392,1 394,1 0,0 1,2
178,2 177,1 0,0 0,0 0,0 0,0 0,0 1,2
437,1 169,1 519,1 172,1 0,0 0,0 0,0 1,2
437,2 385,3 459,2 0,0 0,0 0,0 0,0 2,4
437,1 172,1 169,1 389,1 427,1 0,0 0,0 1,2
437,1 428,1 387,1 172,1 0,0 0,0 0,0 1,2
437,2 383,3 459,1 387,2 0,0 0,0 0,0 1,2
437,2 428,2 459,2 427,1 0,0 0,0 0,0 1,2
437,2 251,2 386,2 382,2 0,0 0,0 0,0 2,4
437,2 169,1 381,1 426,1 385,2 0,0 0,0 2,4
437,2 383,3 382,2 172,1 0,0 0,0 0,0 1,2
437,1 394,1 381,1 385,1 392,1 0,0 0,0 1,2
437,2 383,1 392,1 427,1 172,1 0,0 0,0 1,2
437,2 383,1 426,1 427,1 172,1 169,1 0,0 1,2
437,2 251,2 337,1 392,1 172,1 0,0 0,0 1,2
437,1 385,1 169,1 172,1 0,0 0,0 0,0 1,2
547,1 381,1 541,1 0,0 0,0 0,0 0,0 1,2
547,2 428,2 448,1 0,0 0,0 0,0 0,0 1,2
437,2 383,2 459,2 394,1 337,3 0,0 0,0 1,2
178,1 383,1 381,1 387,1 172,1 0,0 0,0 1,2
437,1 251,1 459,1 172,1 392,1 394,1 0,0 1,2
437,2 383,3 394,1 385,2 0,0 0,0 0,0 1,2
178,1 339,1 394,1 172,1 0,0 0,0 0,0 1,2
437,2 387,1 337,3 169,1 172,1 0,0 0,0 3,6
178,1 542,1 519,1 169,1 0,0 0,0 0,0 3,6
178,2 169,3 339,1 381,3 0,0 0,0 0,0 1,2
437,2 381,1 172,1 385,3 0,0 0,0 0,0 1,2
437,1 383,1 337,1 392,1 381,1 0,0 0,0 2,4
437,1 381,1 426,1 389,1 172,1 0,0 0,0 1,2
437,2 383,3 385,3 0,0 0,0 0,0 0,0 1,2
437,2 383,3 459,2 387,1 0,0 0,0 0,0 1,2
437,2 381,1 394,1 392,1 385,1 0,0 0,0 1,2
437,2 231,1 394,1 0,0 0,0 0,0 0,0 3,6
437,2 443,1 351,2 394,1 0,0 0,0 0,0 1,2
437,2 394,1 383,3 392,2 172,1 427,2 0,0 1,2
437,2 426,3 519,2 172,1 0,0 0,0 0,0 1,2
437,1 394,1 387,1 385,1 0,0 0,0 0,0 2,4
547,1 518,1 0,0 0,0 0,0 0,0 0,0 1,2
437,1 381,1 169,1 426,1 389,1 172,1 0,0 2,4
437,1 544,1 381,1 172,1 0,0 0,0 0,0 2,4
437,2 381,3 169,1 426,2 172,1 382,3 0,0 1,2
437,2 293,1 387,2 0,0 0,0 0,0 0,0 1,2
437,1 169,1 381,1 389,1 172,1 426,1 0,0 1,2
547,2 544,1 0,0 0,0 0,0 0,0 0,0 1,2
437,1 383,1 387,1 517,1 0,0 0,0 0,0 2,4
437,2 169,1 381,3 517,1 172,1 427,1 0,0 1,2
437,1 383,1 172,1 389,1 0,0 0,0 0,0 1,2
178,1 383,1 387,1 424,1 381,1 0,0 0,0 1,2
437,2 426,1 169,1 381,3 385,2 0,0 0,0 30,60
437,2 383,3 459,2 172,1 381,3 0,0 0,0 1,2
437,1 169,1 381,1 426,1 337,1 351,1 394,1 2,4
437,2 381,2 394,1 337,3 351,2 427,2 0,0 3,6
498,2 339,1 381,2 394,1 0,0 0,0 0,0 1,2
437,2 381,3 394,1 172,2 385,3 0,0 0,0 1,2
498,2 339,1 381,3 394,1 0,0 0,0 0,0 2,4
437,2 169,1 381,3 426,1 337,3 351,1 394,1 3,6
437,2 381,2 394,1 385,2 172,1 0,0 0,0 2,4
178,1 426,1 381,1 339,1 0,0 0,0 0,0 388,779
178,1 339,1 172,1 0,0 0,0 0,0 0,0 442,892
437,1 169,1 172,1 385,1 0,0 0,0 0,0 23,47
437,1 387,1 337,1 172,1 0,0 0,0 0,0 38,78
437,1 385,1 387,1 0,0 0,0 0,0 0,0 19,39
437,1 381,1 519,1 172,1 0,0 0,0 0,0 26,54
178,1 172,1 339,1 0,0 0,0 0,0 0,0 83,175
437,1 387,1 175,1 381,1 169,1 0,0 0,0 8,17
437,1 339,1 381,1 0,0 0,0 0,0 0,0 63,135
437,1 428,1 424,1 427,1 0,0 0,0 0,0 7,15
437,1 542,1 519,1 0,0 0,0 0,0 0,0 714,1546
437,2 426,1 339,1 0,0 0,0 0,0 0,0 6,13
437,1 174,1 169,1 426,1 0,0 0,0 0,0 6,13
257,2 381,1 426,1 339,1 0,0 0,0 0,0 6,13
437,1 381,1 394,1 339,1 0,0 0,0 0,0 6,13
437,1 381,1 339,1 0,0 0,0 0,0 0,0 346,752
437,1 251,1 385,1 381,1 0,0 0,0 0,0 22,48
437,1 426,1 172,1 385,1 0,0 0,0 0,0 20,44
178,1 339,1 427,1 0,0 0,0 0,0 0,0 214,472
178,1 381,1 339,1 0,0 0,0 0,0 0,0 130,287
437,1 169,1 381,1 426,1 172,1 168,1 0,0 4,9
437,2 394,1 339,1 381,3 0,0 0,0 0,0 8,18
437,2 383,3 459,1 386,2 394,1 0,0 0,0 4,9
437,1 428,1 459,1 172,1 0,0 0,0 0,0 4,9
437,1 169,1 381,1 338,1 172,1 0,0 0,0 4,9
437,2 381,3 339,1 0,0 0,0 0,0 0,0 46,104
437,2 426,2 339,1 0,0 0,0 0,0 0,0 11,25
498,2 381,1 339,1 0,0 0,0 0,0 0,0 7,16
437,1 387,1 519,1 0,0 0,0 0,0 0,0 21,48
437,2 426,1 169,2 381,3 385,2 0,0 0,0 10,23
437,2 383,3 381,3 386,2 172,1 0,0 0,0 26,60
178,1 169,1 381,1 339,1 0,0 0,0 0,0 76,176
437,2 426,1 381,3 517,1 427,1 172,1 0,0 37,86
437,2 383,3 381,3 386,1 172,1 0,0 0,0 6,14
437,2 381,3 394,1 339,1 0,0 0,0 0,0 9,21
437,2 394,1 381,2 339,1 0,0 0,0 0,0 3,7
437,1 381,1 169,1 172,1 382,1 426,1 0,0 9,21
437,2 426,1 459,2 392,1 172,1 169,1 0,0 6,14
437,1 381,1 426,1 338,1 172,1 0,0 0,0 3,7
178,2 426,1 381,3 339,1 0,0 0,0 0,0 3,7
437,1 174,1 381,1 169,1 0,0 0,0 0,0 3,7
437,2 169,1 381,3 426,3 385,3 0,0 0,0 3,7
178,1 339,1 381,1 169,1 0,0 0,0 0,0 44,103
437,1 169,1 339,1 0,0 0,0 0,0 0,0 82,193
178,1 339,1 169,1 381,1 0,0 0,0 0,0 64,151
437,2 381,3 394,1 337,3 351,2 427,1 0,0 15,36
437,1 394,1 169,1 381,1 385,1 426,1 0,0 5,12
437,1 381,1 169,1 426,1 172,1 382,1 0,0 42,101
437,1 426,1 339,1 0,0 0,0 0,0 0,0 206,498
547,1 544,1 0,0 0,0 0,0 0,0 0,0 36,88
178,1 339,1 426,1 381,1 0,0 0,0 0,0 19,47
437,1 169,1 426,1 381,1 382,1 172,1 0,0 27,67
437,1 174,1 172,1 0,0 0,0 0,0 0,0 14,35
437,2 426,2 169,3 381,2 385,3 0,0 0,0 2,5
437,1 394,1 339,1 381,1 0,0 0,0 0,0 2,5
178,1 231,1 169,1 0,0 0,0 0,0 0,0 2,5
498,1 339,1 381,2 0,0 0,0 0,0 0,0 16,40
437,1 293,1 387,1 0,0 0,0 0,0 0,0 18,45
507,1 383,3 459,1 394,1 381,3 0,0 0,0 2,5
437,2 428,1 459,2 172,1 0,0 0,0 0,0 2,5
437,1 383,1 459,1 387,1 0,0 0,0 0,0 2,5
437,1 383,1 191,1 169,1 172,1 0,0 0,0 2,5
437,2 381,3 251,2 172,1 382,3 0,0 0,0 2,5
437,2 426,2 169,3 381,2 385,2 0,0 0,0 2,5
498,2 339,1 0,0 0,0 0,0 0,0 0,0 18,45
437,2 426,3 339,1 0,0 0,0 0,0 0,0 17,43
437,2 426,1 519,1 172,1 0,0 0,0 0,0 7,18
437,2 381,3 251,1 172,1 382,3 0,0 0,0 5,13
437,1 381,1 339,1 394,1 0,0 0,0 0,0 8,21
437,1 426,1 519,1 172,1 0,0 0,0 0,0 61,162
437,1 339,1 0,0 0,0 0,0 0,0 0,0 3,8
507,1 383,3 381,3 351,2 0,0 0,0 0,0 3,8
498,1 426,1 339,1 0,0 0,0 0,0 0,0 15,40
437,1 428,1 459,1 392,1 0,0 0,0 0,0 3,8
437,1 383,1 337,1 172,1 381,1 0,0 0,0 3,8
437,1 383,1 385,1 0,0 0,0 0,0 0,0 3,8
437,1 426,1 169,1 381,1 385,1 0,0 0,0 7,19
437,1 339,1 426,1 0,0 0,0 0,0 0,0 72,197
437,1 383,1 387,1 426,1 172,1 0,0 0,0 4,11
498,1 381,1 339,1 0,0 0,0 0,0 0,0 13,36
437,1 544,1 424,1 0,0 0,0 0,0 0,0 5,14
437,1 383,1 426,1 427,1 172,1 169,1 0,0 10,28
437,1 516,1 0,0 0,0 0,0 0,0 0,0 52,149
178,1 381,1 426,1 339,1 0,0 0,0 0,0 8,23
437,2 169,1 381,1 385,3 426,3 0,0 0,0 1,3
437,1 174,1 426,1 169,1 0,0 0,0 0,0 2,6
437,2 383,3 381,2 386,1 172,1 0,0 0,0 1,3
437,2 394,1 381,1 339,1 0,0 0,0 0,0 3,9
178,1 339,1 392,1 394,1 0,0 0,0 0,0 1,3
437,1 381,1 385,1 394,1 172,1 0,0 0,0 1,3
437,1 381,1 385,1 392,1 394,1 0,0 0,0 1,3
437,2 383,3 459,1 394,1 426,3 392,1 0,0 1,3
437,2 428,2 351,2 392,1 0,0 0,0 0,0 1,3
437,2 381,3 169,1 172,1 382,3 426,3 0,0 1,3
437,1 383,1 172,1 382,1 0,0 0,0 0,0 2,6
437,2 350,2 172,1 394,1 0,0 0,0 0,0 1,3
178,2 339,1 169,3 381,3 0,0 0,0 0,0 1,3
437,2 387,1 337,3 172,1 381,3 0,0 0,0 1,3
498,1 339,1 381,1 0,0 0,0 0,0 0,0 1,3
437,1 383,1 517,1 172,1 169,1 0,0 0,0 1,3
437,1 381,1 169,1 385,1 426,1 0,0 0,0 2,6
437,1 169,1 381,1 426,1 168,1 172,1 0,0 2,6
437,1 381,1 426,1 169,1 385,1 0,0 0,0 9,27
437,2 339,1 381,3 0,0 0,0 0,0 0,0 1,3
437,1 169,1 171,1 172,1 426,1 0,0 0,0 1,3
437,1 462,1 351,1 337,1 426,1 0,0 0,0 1,3
178,2 426,3 381,3 339,1 0,0 0,0 0,0 1,3
437,2 251,1 337,1 392,1 172,1 0,0 0,0 1,3
437,2 383,3 459,2 172,1 381,3 394,1 0,0 1,3
437,2 383,2 169,1 427,1 172,1 381,3 0,0 1,3
437,1 428,1 381,1 168,1 0,0 0,0 0,0 1,3
437,1 381,1 424,1 382,1 426,1 0,0 0,0 1,3
437,1 381,1 172,1 338,1 169,1 0,0 0,0 1,3
437,2 544,3 169,1 427,2 0,0 0,0 0,0 1,3
437,2 339,1 169,1 0,0 0,0 0,0 0,0 1,3
437,2 426,3 381,3 169,1 382,3 172,1 0,0 1,3
437,1 383,1 169,1 172,1 337,1 0,0 0,0 3,9
437,2 381,1 339,1 394,1 0,0 0,0 0,0 1,3
437,2 339,1 381,3 394,1 0,0 0,0 0,0 1,3
437,2 169,3 339,1 0,0 0,0 0,0 0,0 1,3
437,1 387,1 385,1 0,0 0,0 0,0 0,0 5,15
178,1 339,1 381,1 0,0 0,0 0,0 0,0 55,168
178,1 169,1 339,1 381,1 0,0 0,0 0,0 20,64
437,1 381,1 251,1 172,1 382,1 0,0 0,0 15,48
437,1 381,1 383,1 338,1 0,0 0,0 0,0 4,13
437,1 383,1 381,1 386,1 172,1 0,0 0,0 11,36
437,2 428,1 459,1 394,1 392,1 0,0 0,0 13,45
437,1 381,1 424,1 382,1 0,0 0,0 0,0 2,7
437,1 169,1 426,1 389,1 172,1 381,1 0,0 4,14
507,1 381,3 287,3 394,1 0,0 0,0 0,0 2,7
437,1 174,1 381,1 426,1 0,0 0,0 0,0 4,14
437,1 337,1 170,1 172,1 0,0 0,0 0,0 2,7
437,1 169,1 172,1 381,1 389,1 426,1 0,0 2,7
437,1 383,1 337,1 351,1 0,0 0,0 0,0 2,7
437,1 381,1 383,1 426,1 172,1 427,1 0,0 3,11
498,1 381,2 339,1 0,0 0,0 0,0 0,0 4,15
178,1 169,1 381,1 426,1 172,1 383,1 427,1 4,15
437,1 251,1 338,1 172,1 0,0 0,0 0,0 5,19
437,2 516,1 0,0 0,0 0,0 0,0 0,0 14,54
437,1 381,1 394,1 172,1 382,1 392,1 0,0 1,4
437,2 381,3 385,3 426,3 169,3 0,0 0,0 2,8
437,1 383,1 517,1 337,1 0,0 0,0 0,0 1,4
437,2 383,3 459,2 542,1 0,0 0,0 0,0 1,4
498,2 381,3 339,1 0,0 0,0 0,0 0,0 1,4
437,1 426,1 381,1 169,1 385,1 0,0 0,0 2,8
437,1 383,1 426,1 427,1 172,1 381,1 0,0 1,4
437,2 383,3 426,2 337,3 392,1 0,0 0,0 2,8
437,1 381,1 459,1 382,1 0,0 0,0 0,0 1,4
437,2 381,3 426,3 338,1 172,1 0,0 0,0 1,4
437,1 169,1 172,1 273,1 382,1 0,0 0,0 1,4
437,2 426,1 459,2 392,1 172,1 169,2 0,0 1,4
437,2 251,2 386,2 382,3 0,0 0,0 0,0 1,4
437,2 542,2 519,1 0,0 0,0 0,0 0,0 1,4
437,1 383,1 542,1 517,1 0,0 0,0 0,0 1,4
437,2 443,1 387,2 394,1 0,0 0,0 0,0 1,4
437,1 381,1 174,1 169,1 0,0 0,0 0,0 1,4
437,2 381,2 394,1 337,3 351,2 427,1 0,0 2,8
178,1 339,1 0,0 0,0 0,0 0,0 0,0 62,258
437,2 169,1 381,3 385,3 426,3 0,0 0,0 4,17
437,1 174,1 427,1 0,0 0,0 0,0 0,0 6,26
178,1 387,1 337,1 351,1 381,1 0,0 0,0 3,13
178,1 251,1 339,1 0,0 0,0 0,0 0,0 3,13
437,1 388,1 426,1 0,0 0,0 0,0 0,0 11,48
437,1 381,1 426,1 169,1 168,1 172,1 0,0 2,9
437,1 169,1 381,1 426,1 394,1 385,1 0,0 2,9
178,1 519,1 387,1 381,1 0,0 0,0 0,0 3,14
437,2 426,1 169,3 381,3 385,2 0,0 0,0 2,10
437,2 426,1 169,3 381,2 385,2 0,0 0,0 1,5
547,2 544,3 0,0 0,0 0,0 0,0 0,0 1,5
437,1 383,1 381,1 172,1 387,1 0,0 0,0 1,5
437,1 381,1 394,1 385,1 172,1 0,0 0,0 2,10
437,2 426,1 519,2 172,1 0,0 0,0 0,0 1,5
437,1 394,1 428,1 351,1 273,1 0,0 0,0 1,5
437,2 426,3 519,1 172,1 0,0 0,0 0,0 1,5
437,2 428,1 459,1 392,1 394,1 0,0 0,0 1,5
437,2 383,3 382,1 172,1 0,0 0,0 0,0 1,5
437,1 383,1 169,1 172,1 351,1 0,0 0,0 1,5
437,1 390,1 0,0 0,0 0,0 0,0 0,0 1,5
437,2 426,1 459,1 517,1 392,1 394,1 0,0 1,5
437,1 383,1 429,1 172,1 0,0 0,0 0,0 2,10
437,2 383,3 381,1 386,2 172,1 0,0 0,0 1,5
437,1 251,1 337,1 392,1 172,1 0,0 0,0 6,31
437,1 174,1 392,1 0,0 0,0 0,0 0,0 4,21
437,1 251,1 386,1 382,1 0,0 0,0 0,0 8,42
437,1 169,1 381,1 385,1 426,1 0,0 0,0 2,11
437,1 381,1 430,1 172,1 0,0 0,0 0,0 1,6
437,1 383,1 169,1 427,1 172,1 381,1 0,0 5,30
437,2 426,2 169,2 381,3 385,3 0,0 0,0 1,6
498,1 339,1 381,2 394,1 0,0 0,0 0,0 1,6
437,1 517,1 169,1 172,1 337,1 0,0 0,0 1,6
437,1 169,1 381,1 389,1 426,1 172,1 0,0 1,6
547,1 384,1 0,0 0,0 0,0 0,0 0,0 2,13
437,1 381,1 428,1 169,1 426,1 172,1 0,0 1,7
437,1 251,1 273,1 381,1 427,1 172,1 0,0 1,7
437,2 169,1 381,1 426,1 385,1 0,0 0,0 1,7
437,1 381,1 251,1 273,1 172,1 427,1 0,0 1,7
437,1 544,1 387,1 0,0 0,0 0,0 0,0 1,8
547,1 349,1 0,0 0,0 0,0 0,0 0,0 2,16
547,1 381,1 0,0 0,0 0,0 0,0 0,0 6,49
437,1 388,1 169,1 0,0 0,0 0,0 0,0 9,74
437,1 428,1 195,1 0,0 0,0 0,0 0,0 7,60
437,1 425,1 427,1 0,0 0,0 0,0 0,0 1,9
437,1 169,1 426,1 381,1 337,1 172,1 0,0 1,9
437,1 190,1 381,1 0,0 0,0 0,0 0,0 2,19
547,1 426,1 519,1 0,0 0,0 0,0 0,0 2,19
437,1 425,1 172,1 0,0 0,0 0,0 0,0 1,13
437,1 388,1 381,1 0,0 0,0 0,0 0,0 2,26
437,1 519,1 542,1 0,0 0,0 0,0 0,0 33,443
547,1 452,1 337,1 0,0 0,0 0,0 0,0 1,15
437,1 190,1 426,1 0,0 0,0 0,0 0,0 2,31
547,1 519,1 0,0 0,0 0,0 0,0 0,0 1,28
437,1 381,1 388,1 0,0 0,0 0,0 0,0 1,32
437,2 381,3 383,3 338,2 0,0 0,0 0,0 0,2
437,2 519,1 542,2 0,0 0,0 0,0 0,0 0,1
437,2 426,3 394,1 339,1 0,0 0,0 0,0 0,3
178,1 349,1 351,1 426,1 0,0 0,0 0,0 0,4
437,2 426,3 394,1 392,1 385,3 0,0 0,0 0,1
437,1 172,1 381,1 430,1 0,0 0,0 0,0 0,1
437,2 519,1 542,1 0,0 0,0 0,0 0,0 0,1
437,2 387,2 385,3 0,0 0,0 0,0 0,0 0,1
437,1 383,1 169,1 427,1 172,1 426,1 0,0 0,2
437,2 519,2 542,2 0,0 0,0 0,0 0,0 0,1
547,1 428,1 448,1 0,0 0,0 0,0 0,0 0,8
437,2 383,3 459,2 426,3 427,2 0,0 0,0 0,1
437,2 169,1 381,3 426,3 337,3 351,2 0,0 0,1
437,2 251,2 337,3 392,1 172,1 0,0 0,0 0,1
437,2 426,2 519,2 172,1 0,0 0,0 0,0 0,1
437,1 428,1 351,1 392,1 394,1 0,0 0,0 0,2
437,1 381,1 394,1 337,1 351,1 427,1 0,0 0,3
437,1 381,1 394,1 351,1 337,1 169,1 426,1 0,1
547,1 428,1 517,1 0,0 0,0 0,0 0,0 0,2
437,1 381,1 337,1 382,1 0,0 0,0 0,0 0,2
437,2 251,1 337,3 392,2 172,1 0,0 0,0 0,2
437,1 338,1 172,1 427,1 0,0 0,0 0,0 0,2
437,1 385,1 459,1 0,0 0,0 0,0 0,0 0,3
437,2 426,1 459,1 448,1 392,1 394,1 0,0 0,2
178,1 381,1 169,1 426,1 172,1 427,1 0,0 0,2
437,1 394,1 459,1 387,1 351,1 0,0 0,0 0,1
437,2 169,1 381,3 385,3 426,2 0,0 0,0 0,1
437,1 190,1 169,1 0,0 0,0 0,0 0,0 0,34
437,1 381,1 386,1 172,1 337,1 0,0 0,0 0,1
437,2 428,1 459,1 392,1 0,0 0,0 0,0 0,7
437,1 428,1 459,1 381,1 169,1 0,0 0,0 0,1
178,1 174,1 381,1 427,1 0,0 0,0 0,0 0,1
437,2 381,3 385,2 172,1 0,0 0,0 0,0 0,1
437,2 394,1 339,1 296,1 0,0 0,0 0,0 0,1
437,1 428,1 171,1 0,0 0,0 0,0 0,0 0,3
437,1 169,1 381,1 172,1 383,1 427,1 0,0 0,1
437,1 383,1 392,1 427,1 172,1 0,0 0,0 0,2
437,1 381,1 169,1 168,1 172,1 0,0 0,0 0,1
437,1 381,1 168,1 169,1 172,1 0,0 0,0 0,1
178,2 174,1 386,1 0,0 0,0 0,0 0,0 0,1
437,1 383,1 381,1 426,1 429,1 0,0 0,0 0,1
437,1 544,1 386,1 0,0 0,0 0,0 0,0 0,3
437,1 544,1 383,1 0,0 0,0 0,0 0,0 0,3
437,1 381,1 426,1 351,1 382,1 0,0 0,0 0,1
437,1 170,1 191,1 172,1 0,0 0,0 0,0 0,3
437,2 394,1 169,1 385,3 392,1 0,0 0,0 0,1
437,1 428,1 459,1 427,1 394,1 0,0 0,0 0,3
437,2 383,3 172,1 351,2 381,3 0,0 0,0 0,1
437,1 381,1 383,1 389,1 0,0 0,0 0,0 0,2
437,2 383,2 337,3 351,1 394,1 0,0 0,0 0,1
437,1 383,1 169,1 387,1 172,1 0,0 0,0 0,1
437,1 428,1 427,1 337,1 0,0 0,0 0,0 0,1
437,1 383,1 172,1 392,1 427,1 0,0 0,0 0,2
437,1 170,1 337,1 172,1 0,0 0,0 0,0 0,1
437,1 381,1 169,1 351,1 337,1 394,1 426,1 0,2
437,2 383,3 459,2 426,2 427,1 0,0 0,0 0,1
437,1 381,1 337,1 386,1 172,1 0,0 0,0 0,1
437,2 383,3 459,2 172,1 394,1 426,3 0,0 0,1
437,1 264,1 169,1 385,1 0,0 0,0 0,0 0,1
437,1 381,1 459,1 337,1 392,1 0,0 0,0 0,1
178,1 349,1 424,1 0,0 0,0 0,0 0,0 0,2
437,1 169,1 426,1 338,1 172,1 0,0 0,0 0,1
437,1 383,1 459,1 172,1 381,1 0,0 0,0 0,2
437,1 381,1 351,1 172,1 337,1 0,0 0,0 0,1
437,1 383,1 172,1 337,1 169,1 0,0 0,0 0,1
437,1 381,1 190,1 0,0 0,0 0,0 0,0 0,18
437,1 387,1 424,1 337,1 0,0 0,0 0,0 0,1
437,2 381,3 385,2 392,1 394,1 0,0 0,0 0,1
437,1 383,1 337,1 169,1 172,1 0,0 0,0 0,3
437,2 381,3 459,2 351,2 392,1 394,1 0,0 0,1
437,2 381,3 174,2 426,3 0,0 0,0 0,0 0,1
178,1 250,1 387,1 0,0 0,0 0,0 0,0 0,1
547,1 169,1 385,1 0,0 0,0 0,0 0,0 0,3
547,1 381,1 310,1 0,0 0,0 0,0 0,0 0,1
437,2 428,2 337,3 172,1 0,0 0,0 0,0 0,1
437,1 394,1 339,1 426,1 0,0 0,0 0,0 0,2
437,1 394,1 381,1 430,1 392,1 0,0 0,0 0,1
437,2 426,2 381,3 169,1 385,3 0,0 0,0 0,2
437,2 392,1 350,2 0,0 0,0 0,0 0,0 0,3
437,1 381,1 174,1 426,1 0,0 0,0 0,0 0,3
178,1 349,1 351,1 0,0 0,0 0,0 0,0 0,7
437,1 383,1 381,1 389,1 0,0 0,0 0,0 0,2
437,1 383,1 337,1 351,1 394,1 0,0 0,0 0,3
437,2 381,1 251,2 172,1 382,2 0,0 0,0 0,1
437,2 426,3 381,3 169,1 385,1 0,0 0,0 0,1
178,2 426,3 381,1 339,1 0,0 0,0 0,0 0,1
437,2 174,1 394,1 172,1 0,0 0,0 0,0 0,1
437,2 426,1 169,2 381,1 385,2 0,0 0,0 0,1
437,2 381,1 251,1 172,1 382,2 0,0 0,0 0,1
437,1 381,1 338,1 337,1 0,0 0,0 0,0 0,3
437,1 383,1 427,1 387,1 381,1 0,0 0,0 0,1
437,2 392,1 382,3 427,1 0,0 0,0 0,0 0,5
437,2 381,1 251,1 172,1 382,1 0,0 0,0 0,1
437,2 387,1 424,2 351,2 0,0 0,0 0,0 0,1
437,1 381,1 459,1 338,1 0,0 0,0 0,0 0,1
437,1 383,1 382,1 172,1 0,0 0,0 0,0 0,9
437,2 394,1 169,1 381,3 385,3 426,3 0,0 0,1
437,1 428,1 169,1 389,1 0,0 0,0 0,0 0,2
437,2 383,3 381,1 172,1 387,1 0,0 0,0 0,1
437,1 385,1 381,1 172,1 0,0 0,0 0,0 0,1
178,1 394,1 381,1 339,1 426,1 0,0 0,0 0,1
178,1 349,1 351,1 426,1 394,1 0,0 0,0 0,1
437,1 381,1 383,1 169,1 382,1 0,0 0,0 0,2
437,1 287,1 459,1 0,0 0,0 0,0 0,0 0,1
437,1 381,1 337,1 338,1 0,0 0,0 0,0 0,2
437,2 381,1 387,1 389,1 0,0 0,0 0,0 0,1
437,1 383,1 172,1 381,1 386,1 0,0 0,0 0,4
437,1 169,1 381,1 426,1 385,1 0,0 0,0 0,4
437,2 251,2 459,1 172,2 392,2 0,0 0,0 0,1
437,1 544,1 381,1 169,1 426,1 0,0 0,0 0,3
437,1 381,1 251,1 337,1 172,1 0,0 0,0 0,1
437,1 251,1 337,1 387,1 381,1 0,0 0,0 0,1
437,2 428,2 459,2 381,3 169,1 0,0 0,0 0,1
437,2 387,2 517,1 351,2 0,0 0,0 0,0 0,2
437,1 428,1 387,1 392,1 0,0 0,0 0,0 0,3
437,1 381,1 169,1 426,1 168,1 172,1 0,0 0,3
437,1 169,1 381,1 172,1 382,1 426,1 0,0 0,2
437,1 251,1 381,1 351,1 337,1 0,0 0,0 0,2
437,1 251,1 337,1 172,1 427,1 0,0 0,0 0,1
178,1 394,1 177,1 0,0 0,0 0,0 0,0 0,2
178,1 381,1 394,1 542,1 385,1 0,0 0,0 0,1
178,1 349,1 427,1 0,0 0,0 0,0 0,0 0,2
437,1 385,1 172,1 0,0 0,0 0,0 0,0 0,4
437,2 394,1 387,2 337,2 169,1 172,1 0,0 0,1
437,2 169,3 381,3 426,3 168,3 172,2 394,1 0,1
437,2 337,3 385,3 0,0 0,0 0,0 0,0 0,1
437,1 426,1 169,1 381,1 519,1 0,0 0,0 0,1
437,1 381,1 169,1 338,1 172,1 0,0 0,0 0,3
437,2 428,1 459,1 172,1 0,0 0,0 0,0 0,1
437,1 381,1 337,1 389,1 0,0 0,0 0,0 0,3
437,2 381,1 172,1 385,1 0,0 0,0 0,0 0,3
437,1 394,1 519,1 387,1 0,0 0,0 0,0 0,1
437,1 169,1 381,1 172,1 168,1 0,0 0,0 0,1
437,1 172,1 337,1 168,1 0,0 0,0 0,0 0,1
437,1 383,1 427,1 381,1 172,1 426,1 0,0 0,1
437,1 385,1 337,1 0,0 0,0 0,0 0,0 0,2
437,1 170,1 426,1 382,1 0,0 0,0 0,0 0,1
547,1 544,1 426,1 0,0 0,0 0,0 0,0 0,1
547,1 381,1 426,1 351,1 0,0 0,0 0,0 0,1
437,1 383,1 459,1 381,1 392,1 0,0 0,0 0,1
437,1 383,1 381,1 382,1 0,0 0,0 0,0 0,4
437,1 383,1 459,1 337,1 0,0 0,0 0,0 0,2
437,1 544,1 426,1 427,1 0,0 0,0 0,0 0,4
437,1 383,1 172,1 168,1 0,0 0,0 0,0 0,1
547,2 381,1 0,0 0,0 0,0 0,0 0,0 0,7
437,2 394,1 169,1 381,3 385,3 426,1 0,0 0,2
437,2 428,2 459,1 172,1 0,0 0,0 0,0 0,1
437,2 174,1 172,1 0,0 0,0 0,0 0,0 0,1
178,2 174,1 387,1 0,0 0,0 0,0 0,0 0,1
547,1 306,1 392,1 0,0 0,0 0,0 0,0 0,1
437,2 383,3 381,3 386,1 172,1 394,1 0,0 0,1
437,2 383,3 381,3 351,2 392,1 0,0 0,0 0,1
437,1 381,1 383,1 452,1 0,0 0,0 0,0 0,4
437,2 172,1 381,3 430,1 0,0 0,0 0,0 0,1
437,1 381,1 385,1 427,1 0,0 0,0 0,0 0,1
437,1 381,1 383,1 542,1 427,1 0,0 0,0 0,4
437,1 169,1 191,1 172,1 386,1 0,0 0,0 0,1
437,1 383,1 459,1 351,1 0,0 0,0 0,0 0,1
437,1 383,1 385,1 394,1 0,0 0,0 0,0 0,1
437,1 426,1 381,1 338,1 172,1 0,0 0,0 0,1
437,1 381,1 169,1 426,1 176,1 0,0 0,0 0,1
437,1 264,1 172,1 338,1 0,0 0,0 0,0 0,1
437,2 174,1 381,3 169,1 0,0 0,0 0,0 0,1
437,1 428,1 386,1 427,1 0,0 0,0 0,0 0,2
437,1 426,1 381,1 519,1 169,1 0,0 0,0 0,1
437,1 381,1 428,1 196,1 0,0 0,0 0,0 0,1
437,2 394,1 426,1 339,1 0,0 0,0 0,0 0,1
437,2 169,1 172,1 385,1 0,0 0,0 0,0 0,1
437,1 385,1 172,1 381,1 0,0 0,0 0,0 0,1
437,1 381,1 425,1 169,1 0,0 0,0 0,0 0,2
437,2 381,1 169,1 175,1 351,2 0,0 0,0 0,1
178,1 426,1 0,0 0,0 0,0 0,0 0,0 0,15
437,1 169,1 381,1 426,1 389,1 172,1 0,0 0,1
437,2 381,1 251,2 273,1 172,1 427,1 0,0 0,1
178,1 543,1 0,0 0,0 0,0 0,0 0,0 0,1
437,2 383,3 429,1 394,1 392,1 0,0 0,0 0,1
437,1 381,1 383,1 426,1 194,1 0,0 0,0 0,1
178,1 174,1 381,1 172,1 0,0 0,0 0,0 0,2
437,1 170,1 426,1 429,1 0,0 0,0 0,0 0,1
437,1 383,1 381,1 169,1 389,1 0,0 0,0 0,1
437,1 383,1 381,1 171,1 0,0 0,0 0,0 0,2
437,1 381,1 383,1 170,1 169,1 0,0 0,0 0,1
178,1 169,1 172,1 426,1 381,1 0,0 0,0 0,182
437,1 381,1 383,1 169,1 196,1 0,0 0,0 0,1
547,2 426,1 519,1 0,0 0,0 0,0 0,0 0,2
437,1 381,1 383,1 169,1 389,1 0,0 0,0 0,1
437,1 381,1 383,1 426,1 389,1 0,0 0,0 0,1
437,2 383,1 337,3 351,1 0,0 0,0 0,0 0,1
437,2 251,2 459,2 392,1 172,1 0,0 0,0 0,1
437,1 383,1 381,1 169,1 429,1 0,0 0,0 0,1
437,1 428,1 169,1 429,1 0,0 0,0 0,0 0,1
437,1 170,1 387,1 427,1 0,0 0,0 0,0 0,2
437,1 170,1 426,1 172,1 427,1 0,0 0,0 0,1
437,1 428,1 193,1 169,1 0,0 0,0 0,0 0,2
437,1 381,1 172,1 385,1 0,0 0,0 0,0 0,5
437,2 426,3 381,1 169,1 385,1 0,0 0,0 0,1
437,2 169,1 385,1 172,1 0,0 0,0 0,0 0,1
437,2 426,3 381,3 517,1 427,2 172,1 0,0 0,1
437,2 251,1 387,1 351,2 381,1 0,0 0,0 0,1
437,1 381,1 170,1 424,1 426,1 0,0 0,0 0,2
437,1 383,1 387,1 337,1 0,0 0,0 0,0 0,1
437,1 517,1 424,1 387,1 0,0 0,0 0,0 0,1
437,1 169,1 426,1 381,1 519,1 0,0 0,0 0,1
437,2 388,2 394,1 426,3 0,0 0,0 0,0 0,1
437,1 170,1 381,1 389,1 0,0 0,0 0,0 0,1
437,1 381,1 169,1 387,1 382,1 0,0 0,0 0,2
437,1 170,1 426,1 389,1 0,0 0,0 0,0 0,2
437,2 287,3 337,3 394,1 0,0 0,0 0,0 0,1
437,1 381,1 168,1 196,1 0,0 0,0 0,0 0,1
437,1 381,1 428,1 389,1 0,0 0,0 0,0 0,1
437,1 170,1 381,1 196,1 0,0 0,0 0,0 0,2
437,1 170,1 383,1 427,1 0,0 0,0 0,0 0,2
437,1 170,1 172,1 386,1 0,0 0,0 0,0 0,3
437,1 381,1 387,1 426,1 194,1 0,0 0,0 0,2
437,1 383,1 169,1 426,1 429,1 0,0 0,0 0,1
437,2 381,3 387,1 338,1 0,0 0,0 0,0 0,1
437,1 383,1 169,1 171,1 0,0 0,0 0,0 0,2
437,2 383,3 172,2 168,3 0,0 0,0 0,0 0,1
437,1 381,1 169,1 426,1 385,1 0,0 0,0 0,1
437,1 426,1 337,1 351,1 172,1 0,0 0,0 0,1
437,1 428,1 169,1 382,1 0,0 0,0 0,0 0,2
437,1 428,1 426,1 194,1 0,0 0,0 0,0 0,1
437,2 381,3 459,1 389,2 0,0 0,0 0,0 0,1
178,2 394,1 391,2 251,2 0,0 0,0 0,0 0,1
437,1 381,1 428,1 194,1 0,0 0,0 0,0 0,1
498,2 339,1 394,1 169,1 0,0 0,0 0,0 0,1
178,1 339,1 172,1 394,1 0,0 0,0 0,0 0,2
437,1 383,1 381,1 452,1 0,0 0,0 0,0 0,4
437,1 383,1 169,1 424,1 172,1 0,0 0,0 0,1
437,2 388,2 169,1 0,0 0,0 0,0 0,0 0,1
437,1 381,1 386,1 452,1 0,0 0,0 0,0 0,2
437,1 428,1 381,1 194,1 0,0 0,0 0,0 0,1
437,1 170,1 381,1 194,1 0,0 0,0 0,0 0,1
437,1 383,1 170,1 172,1 0,0 0,0 0,0 0,1
437,2 387,1 385,1 0,0 0,0 0,0 0,0 0,1
437,2 394,1 339,1 426,2 0,0 0,0 0,0 0,1
498,2 169,1 339,1 0,0 0,0 0,0 0,0 0,1
437,2 381,3 426,3 394,1 448,1 172,1 392,2 0,1
437,1 170,1 387,1 172,1 0,0 0,0 0,0 0,1
437,2 381,3 169,3 394,1 337,3 172,1 392,1 0,1
437,1 170,1 173,1 0,0 0,0 0,0 0,0 0,1
437,2 394,1 426,3 296,1 517,1 392,2 172,2 0,1
498,2 388,2 394,1 0,0 0,0 0,0 0,0 0,1
437,1 381,1 426,1 169,1 427,1 382,1 0,0 0,1
257,2 381,3 426,1 339,1 0,0 0,0 0,0 0,6
437,1 544,1 426,1 172,1 0,0 0,0 0,0 0,2
437,1 427,1 381,1 172,1 389,1 0,0 0,0 0,1
257,2 381,1 426,3 339,1 0,0 0,0 0,0 0,1
178,1 519,1 381,1 387,1 0,0 0,0 0,0 0,2
437,1 544,1 169,1 172,1 0,0 0,0 0,0 0,1
437,1 381,1 169,1 280,1 0,0 0,0 0,0 0,1
437,1 426,1 394,1 462,1 351,1 337,1 0,0 0,3
178,1 381,1 426,1 169,1 172,1 427,1 0,0 0,1
437,1 394,1 428,1 351,1 392,1 0,0 0,0 0,1
437,2 381,3 426,3 338,2 172,2 394,1 0,0 0,1
437,2 381,3 174,2 426,1 0,0 0,0 0,0 0,1
437,1 381,1 169,1 394,1 426,1 385,1 0,0 0,1
437,2 349,3 427,1 169,1 394,1 0,0 0,0 0,1
437,2 173,1 394,1 452,3 0,0 0,0 0,0 0,1
437,2 381,3 171,1 387,1 394,1 0,0 0,0 0,1
437,2 387,1 337,1 169,1 172,1 0,0 0,0 0,1
437,2 386,2 394,1 382,3 426,1 169,1 0,0 0,1
178,1 339,1 273,1 394,1 0,0 0,0 0,0 0,1
437,2 338,2 169,1 387,1 0,0 0,0 0,0 0,1
437,2 383,1 337,3 387,2 394,1 0,0 0,0 0,1
437,2 251,1 459,2 392,1 427,1 0,0 0,0 0,1
437,2 428,1 387,2 392,1 394,1 0,0 0,0 0,2
437,2 169,1 339,1 394,1 0,0 0,0 0,0 0,1
437,2 351,2 459,2 394,1 386,2 0,0 0,0 0,1
437,2 383,3 337,3 387,1 0,0 0,0 0,0 0,2
178,1 339,1 394,1 392,1 0,0 0,0 0,0 0,1
437,1 339,1 394,1 381,1 0,0 0,0 0,0 0,3
257,1 251,1 339,1 0,0 0,0 0,0 0,0 0,1
437,2 383,3 381,3 338,2 0,0 0,0 0,0 0,1
437,2 389,2 452,3 169,1 394,1 0,0 0,0 0,1
437,1 542,1 385,1 0,0 0,0 0,0 0,0 0,1
437,1 425,1 426,1 169,1 0,0 0,0 0,0 0,2
437,2 383,3 351,2 337,3 394,1 0,0 0,0 0,1
437,2 251,1 381,3 172,1 382,3 0,0 0,0 0,1
178,2 169,1 381,3 339,1 0,0 0,0 0,0 0,2
437,2 383,3 459,1 387,2 394,1 0,0 0,0 0,1
437,2 392,1 350,2 394,1 0,0 0,0 0,0 0,2
437,2 350,2 462,1 394,1 0,0 0,0 0,0 0,1
437,2 383,1 168,1 381,1 169,1 0,0 0,0 0,1
437,2 169,1 381,3 385,3 394,1 426,1 0,0 0,1
547,2 428,2 337,3 0,0 0,0 0,0 0,0 0,1
437,2 381,3 338,2 351,2 394,1 0,0 0,0 0,1
437,2 452,3 171,1 394,1 0,0 0,0 0,0 0,1
437,1 387,1 337,1 172,1 381,1 0,0 0,0 0,1
437,2 349,3 387,1 394,1 0,0 0,0 0,0 0,1
437,2 443,1 459,1 394,1 0,0 0,0 0,0 0,1
437,1 443,1 459,1 0,0 0,0 0,0 0,0 0,1
437,2 383,3 459,1 351,2 394,1 0,0 0,0 0,1
498,2 394,1 381,3 339,1 0,0 0,0 0,0 0,1
437,2 385,3 424,3 394,1 0,0 0,0 0,0 0,1
178,1 388,1 392,1 0,0 0,0 0,0 0,0 0,1
437,2 394,1 428,2 337,3 172,2 0,0 0,0 0,2
437,2 231,1 0,0 0,0 0,0 0,0 0,0 0,2
437,1 293,1 459,1 0,0 0,0 0,0 0,0 0,1
437,2 462,1 394,1 171,1 172,1 0,0 0,0 0,1
437,2 381,3 424,3 351,1 392,1 0,0 0,0 0,1
437,1 542,1 519,1 394,1 0,0 0,0 0,0 0,1
437,1 381,1 459,1 382,1 394,1 0,0 0,0 0,1
437,2 429,1 337,3 394,1 392,1 0,0 0,0 0,1
547,1 426,1 381,1 306,1 0,0 0,0 0,0 0,1
178,1 339,1 381,1 426,1 0,0 0,0 0,0 0,1
437,2 381,3 383,3 338,2 394,1 0,0 0,0 0,1
507,1 383,1 381,1 351,2 0,0 0,0 0,0 0,1
437,1 169,1 381,1 426,1 168,1 172,1 394,1 0,2
437,1 381,1 170,1 426,1 424,1 0,0 0,0 0,1
437,1 170,1 424,1 172,1 0,0 0,0 0,0 0,1
437,2 428,2 448,1 427,2 394,1 0,0 0,0 0,1
437,1 428,1 173,1 0,0 0,0 0,0 0,0 0,1
437,1 383,1 193,1 172,1 0,0 0,0 0,0 0,1
437,2 383,3 232,1 381,3 394,1 0,0 0,0 0,1
437,1 381,1 383,1 172,1 386,1 0,0 0,0 0,1
437,1 381,1 428,1 191,1 169,1 0,0 0,0 0,1
437,1 170,1 193,1 169,1 0,0 0,0 0,0 0,1
437,1 428,1 381,1 382,1 0,0 0,0 0,0 0,1
437,1 170,1 169,1 389,1 0,0 0,0 0,0 0,2
547,2 384,2 0,0 0,0 0,0 0,0 0,0 0,2
547,2 384,1 0,0 0,0 0,0 0,0 0,0 0,2
437,1 425,1 169,1 426,1 0,0 0,0 0,0 0,1
437,2 383,3 381,3 338,2 394,1 0,0 0,0 0,1
437,2 519,1 424,3 394,1 0,0 0,0 0,0 0,1
437,2 424,3 519,2 394,1 0,0 0,0 0,0 0,1
178,1 381,1 231,1 0,0 0,0 0,0 0,0 0,2
437,2 390,1 0,0 0,0 0,0 0,0 0,0 0,1
437,2 394,1 428,2 351,1 273,3 0,0 0,0 0,1
437,2 351,2 382,3 392,1 394,1 0,0 0,0 0,1
437,1 383,1 387,1 351,1 0,0 0,0 0,0 0,2
437,2 426,1 169,1 381,2 385,2 0,0 0,0 0,3
257,1 381,1 459,1 172,1 427,1 392,1 0,0 0,1
437,2 338,2 394,1 382,3 0,0 0,0 0,0 0,1
437,1 251,1 459,1 172,1 392,1 0,0 0,0 0,1
437,1 394,1 287,1 337,1 0,0 0,0 0,0 0,1
437,2 427,1 168,1 351,2 394,1 0,0 0,0 0,1
437,1 428,1 424,1 172,1 0,0 0,0 0,0 0,1
437,1 169,1 426,1 381,1 172,1 273,1 427,1 0,1
437,2 383,3 394,1 337,3 386,2 0,0 0,0 0,1
437,2 518,1 175,1 394,1 0,0 0,0 0,0 0,1
437,2 337,3 351,2 424,1 394,1 0,0 0,0 0,1
178,1 169,1 426,1 339,1 0,0 0,0 0,0 0,1
437,2 381,2 339,1 394,1 0,0 0,0 0,0 0,4
437,2 428,2 387,2 462,1 394,1 0,0 0,0 0,1
437,2 543,3 381,3 394,1 426,1 0,0 0,0 0,1
437,2 518,1 382,3 394,1 0,0 0,0 0,0 0,1
437,2 462,1 386,1 337,3 169,1 394,1 0,0 0,1
437,2 394,1 192,1 387,2 0,0 0,0 0,0 0,1
437,1 383,1 394,1 424,1 337,1 0,0 0,0 0,1
437,2 383,2 459,1 337,3 0,0 0,0 0,0 0,1
437,2 349,3 351,2 394,1 0,0 0,0 0,0 0,2
437,2 428,2 387,2 426,3 169,3 394,1 0,0 0,1
437,2 443,1 394,1 387,2 0,0 0,0 0,0 0,1
437,2 383,3 459,1 337,3 0,0 0,0 0,0 0,1
437,2 383,3 426,3 382,1 394,1 381,3 0,0 0,1
437,2 430,1 337,3 394,1 0,0 0,0 0,0 0,1
437,2 383,3 172,1 337,3 381,3 0,0 0,0 0,1
437,2 428,2 171,1 394,1 0,0 0,0 0,0 0,1
437,2 337,3 423,3 394,1 0,0 0,0 0,0 0,1
437,2 387,1 448,1 424,3 394,1 0,0 0,0 0,1
437,2 448,1 351,2 424,1 394,1 0,0 0,0 0,1
437,2 174,1 427,2 0,0 0,0 0,0 0,0 0,1
437,2 426,1 381,3 517,1 427,2 172,1 0,0 0,1
437,1 338,1 381,1 169,1 172,1 0,0 0,0 0,2
437,2 381,3 386,2 452,1 394,1 0,0 0,0 0,1
437,2 381,3 383,3 452,1 394,1 0,0 0,0 0,1
437,2 428,2 394,1 351,2 426,3 381,3 0,0 0,1
437,2 394,1 383,2 392,1 172,1 427,2 0,0 0,1
437,2 428,2 394,1 337,3 172,1 0,0 0,0 0,1
437,2 428,1 427,1 387,1 394,1 0,0 0,0 0,1
437,1 381,1 427,1 172,1 386,1 169,1 0,0 0,1
437,1 381,1 544,1 427,1 0,0 0,0 0,0 0,1
437,2 351,2 387,2 424,3 0,0 0,0 0,0 0,1
437,2 448,1 387,1 424,3 394,1 0,0 0,0 0,1
437,2 383,2 459,2 337,3 0,0 0,0 0,0 0,1
437,2 383,3 459,2 394,1 426,3 392,1 0,0 0,1
437,2 394,1 383,3 392,1 172,2 427,2 0,0 0,1
437,2 394,1 381,3 172,1 385,2 0,0 0,0 0,1
437,1 544,1 169,1 427,1 0,0 0,0 0,0 0,1
437,1 170,1 171,1 0,0 0,0 0,0 0,0 0,1
437,1 544,1 381,1 427,1 0,0 0,0 0,0 0,1
547,1 381,1 306,1 426,1 0,0 0,0 0,0 0,1
437,1 381,1 383,1 427,1 542,1 0,0 0,0 0,2
437,1 170,1 195,1 0,0 0,0 0,0 0,0 0,1
498,2 381,2 339,1 0,0 0,0 0,0 0,0 0,1
437,1 383,1 424,1 542,1 0,0 0,0 0,0 0,1
437,2 383,1 337,3 351,2 394,1 0,0 0,0 0,1
257,2 381,3 426,1 339,1 394,1 0,0 0,0 0,1
437,1 383,1 389,1 427,1 0,0 0,0 0,0 0,1
437,1 425,1 381,1 426,1 0,0 0,0 0,0 0,2
437,1 381,1 425,1 426,1 0,0 0,0 0,0 0,1
437,1 544,1 381,1 426,1 169,1 0,0 0,0 0,1
437,2 426,3 381,1 169,1 382,3 172,1 0,0 0,1
547,1 381,1 426,1 306,1 0,0 0,0 0,0 0,2
437,1 351,1 519,1 0,0 0,0 0,0 0,0 0,1
178,1 169,1 426,1 381,1 172,1 427,1 0,0 0,1
547,2 349,1 0,0 0,0 0,0 0,0 0,0 0,1
547,2 519,1 0,0 0,0 0,0 0,0 0,0 0,6
437,1 383,1 381,1 169,1 426,1 542,1 0,0 0,1
437,1 428,1 542,1 427,1 0,0 0,0 0,0 0,1
547,2 519,2 0,0 0,0 0,0 0,0 0,0 0,4
437,2 388,2 381,3 0,0 0,0 0,0 0,0 0,1
437,2 383,1 459,2 337,3 0,0 0,0 0,0 0,1
437,1 381,1 544,1 169,1 426,1 0,0 0,0 0,1
547,2 452,1 337,1 0,0 0,0 0,0 0,0 0,1
547,2 169,1 385,1 0,0 0,0 0,0 0,0 0,3
437,2 381,2 426,3 338,2 172,1 0,0 0,0 0,1
437,1 383,1 424,1 337,1 0,0 0,0 0,0 0,2
437,1 170,1 426,1 169,1 542,1 0,0 0,0 0,1
437,2 169,1 381,3 426,3 337,3 351,1 394,1 0,1
437,2 169,1 381,2 426,1 337,3 351,2 394,1 0,1
437,2 169,1 381,3 426,2 337,1 351,1 394,1 0,1
437,1 383,1 542,1 337,1 0,0 0,0 0,0 0,1
178,2 339,1 427,2 0,0 0,0 0,0 0,0 0,1
437,1 383,1 394,1 386,1 448,1 0,0 0,0 0,1
437,1 381,1 426,1 172,1 337,1 427,1 0,0 0,1
437,2 381,2 172,1 385,2 0,0 0,0 0,0 0,1
437,1 170,1 428,1 426,1 0,0 0,0 0,0 0,1
178,1 520,1 337,1 0,0 0,0 0,0 0,0 0,2
437,2 394,1 169,3 381,3 426,3 385,2 0,0 0,1
437,1 381,1 170,1 389,1 0,0 0,0 0,0 0,2
437,2 383,3 424,3 387,2 394,1 0,0 0,0 0,1
437,1 383,1 519,1 0,0 0,0 0,0 0,0 0,1
437,2 383,3 337,3 542,1 0,0 0,0 0,0 0,1
437,1 383,1 169,1 426,1 389,1 0,0 0,0 0,2
437,2 394,1 169,1 381,2 426,1 385,2 0,0 0,1
547,2 381,3 426,2 306,3 0,0 0,0 0,0 0,1
437,1 381,1 172,1 517,1 386,1 0,0 0,0 0,1
437,1 424,1 385,1 0,0 0,0 0,0 0,0 0,1
547,2 518,1 0,0 0,0 0,0 0,0 0,0 0,1
178,2 394,1 339,1 237,2 0,0 0,0 0,0 0,1
437,2 381,3 385,3 426,1 169,2 0,0 0,0 0,1
437,1 383,1 168,1 172,1 0,0 0,0 0,0 0,1
