259,1 180,1 367,1 179,1 272,1 0,0 0,0 1,1
278,1 367,3 428,2 0,0 0,0 0,0 0,0 2,2
439,2 180,3 183,2 194,2 0,0 0,0 0,0 1,1
259,1 180,1 451,1 426,1 369,1 0,0 0,0 1,1
439,2 367,3 371,3 426,3 0,0 0,0 0,0 1,1
259,2 184,2 367,3 0,0 0,0 0,0 0,0 1,1
439,2 367,3 373,2 183,2 0,0 0,0 0,0 3,3
259,2 426,3 180,3 183,1 185,2 367,2 0,0 1,1
439,2 370,3 183,1 514,3 0,0 0,0 0,0 1,1
439,2 426,3 367,3 371,3 0,0 0,0 0,0 1,1
439,2 367,1 373,2 183,1 0,0 0,0 0,0 1,1
259,1 367,1 375,1 0,0 0,0 0,0 0,0 1,1
439,2 367,3 370,3 369,3 0,0 0,0 0,0 1,1
439,2 367,3 180,1 369,2 183,1 0,0 0,0 1,1
439,2 367,1 373,1 183,1 0,0 0,0 0,0 1,1
259,2 180,3 371,3 367,3 0,0 0,0 0,0 2,2
439,2 180,3 373,2 367,3 0,0 0,0 0,0 1,1
439,2 373,2 367,3 183,2 0,0 0,0 0,0 6,6
259,2 184,1 367,3 0,0 0,0 0,0 0,0 1,1
439,2 370,3 367,3 513,2 0,0 0,0 0,0 1,1
189,1 451,1 0,0 0,0 0,0 0,0 0,0 1,1
439,2 180,3 373,1 367,3 0,0 0,0 0,0 1,1
189,1 367,1 180,1 371,1 0,0 0,0 0,0 1,1
439,2 367,3 514,2 513,1 0,0 0,0 0,0 1,1
189,1 426,1 184,1 0,0 0,0 0,0 0,0 1,1
259,1 184,1 426,1 0,0 0,0 0,0 0,0 25,30
259,1 184,1 367,1 0,0 0,0 0,0 0,0 37,46
439,2 367,3 426,3 371,3 0,0 0,0 0,0 7,9
439,2 514,3 373,2 0,0 0,0 0,0 0,0 26,34
439,2 514,3 373,1 0,0 0,0 0,0 0,0 33,44
259,2 370,3 371,3 0,0 0,0 0,0 0,0 3,4
439,2 514,2 373,2 0,0 0,0 0,0 0,0 2,3
439,1 180,1 367,1 373,1 0,0 0,0 0,0 29,47
259,1 370,1 371,1 0,0 0,0 0,0 0,0 8,13
439,2 542,1 373,2 0,0 0,0 0,0 0,0 3,5
439,1 370,1 373,1 0,0 0,0 0,0 0,0 3,5
439,2 367,3 373,2 183,1 0,0 0,0 0,0 4,7
439,1 180,1 371,1 0,0 0,0 0,0 0,0 18,34
439,1 367,1 373,1 183,1 0,0 0,0 0,0 118,225
439,1 180,1 194,1 183,1 0,0 0,0 0,0 79,152
439,2 370,3 373,2 0,0 0,0 0,0 0,0 3,6
189,1 184,1 0,0 0,0 0,0 0,0 0,0 2,4
439,2 367,3 373,1 183,1 0,0 0,0 0,0 5,10
439,2 426,3 373,1 183,1 0,0 0,0 0,0 1,2
439,1 180,1 373,1 367,1 0,0 0,0 0,0 1,2
259,1 375,1 367,1 0,0 0,0 0,0 0,0 1,2
439,2 180,1 194,1 183,1 0,0 0,0 0,0 1,2
439,2 180,1 367,3 373,2 0,0 0,0 0,0 1,2
439,2 373,2 367,3 183,1 0,0 0,0 0,0 12,25
439,1 426,1 373,1 183,1 0,0 0,0 0,0 11,24
439,2 375,2 0,0 0,0 0,0 0,0 0,0 7,16
439,1 542,1 373,1 0,0 0,0 0,0 0,0 14,33
439,1 514,1 373,1 0,0 0,0 0,0 0,0 67,179
439,1 375,1 0,0 0,0 0,0 0,0 0,0 4,11
439,1 184,1 0,0 0,0 0,0 0,0 0,0 2,6
439,2 367,3 371,3 0,0 0,0 0,0 0,0 1,3
439,1 451,1 367,1 369,1 0,0 0,0 0,0 1,3
439,1 368,1 367,1 426,1 0,0 0,0 0,0 1,3
189,1 367,1 184,1 0,0 0,0 0,0 0,0 4,13
439,2 180,1 371,3 0,0 0,0 0,0 0,0 1,4
439,2 514,1 373,2 0,0 0,0 0,0 0,0 1,5
439,2 542,2 373,2 0,0 0,0 0,0 0,0 1,5
439,1 373,1 367,1 183,1 0,0 0,0 0,0 0,2
439,2 367,3 428,2 514,1 0,0 0,0 0,0 0,1
189,1 367,1 375,1 0,0 0,0 0,0 0,0 0,4
509,1 371,3 0,0 0,0 0,0 0,0 0,0 0,2
439,2 451,1 367,3 369,3 0,0 0,0 0,0 0,2
439,1 515,1 180,1 0,0 0,0 0,0 0,0 0,1
439,2 367,3 451,1 369,3 0,0 0,0 0,0 0,1
439,1 373,1 183,1 426,1 0,0 0,0 0,0 0,1
439,1 426,1 180,1 373,1 0,0 0,0 0,0 0,2
189,1 180,1 183,1 369,1 427,1 0,0 0,0 0,1
439,1 544,1 180,1 0,0 0,0 0,0 0,0 0,2
439,1 370,1 367,1 369,1 0,0 0,0 0,0 0,6
439,1 544,1 183,1 0,0 0,0 0,0 0,0 0,1
439,1 190,1 0,0 0,0 0,0 0,0 0,0 0,7
439,1 180,1 179,1 183,1 0,0 0,0 0,0 0,1
439,2 514,2 373,1 0,0 0,0 0,0 0,0 0,1
439,2 367,3 451,3 369,3 0,0 0,0 0,0 0,1
439,2 514,1 373,1 0,0 0,0 0,0 0,0 0,1
439,2 370,3 496,1 0,0 0,0 0,0 0,0 0,1
439,1 367,1 371,1 0,0 0,0 0,0 0,0 0,2
439,1 370,1 179,1 367,1 0,0 0,0 0,0 0,1
189,1 367,1 368,1 183,1 0,0 0,0 0,0 0,3
439,2 180,1 373,2 367,3 0,0 0,0 0,0 0,1
189,1 514,1 368,1 0,0 0,0 0,0 0,0 0,1
439,1 334,1 367,1 0,0 0,0 0,0 0,0 0,1
439,1 371,1 183,1 0,0 0,0 0,0 0,0 0,1
549,1 544,1 0,0 0,0 0,0 0,0 0,0 0,1
259,1 428,1 514,1 183,1 0,0 0,0 0,0 0,1
439,2 451,1 367,3 370,3 0,0 0,0 0,0 0,1
439,1 181,1 513,1 0,0 0,0 0,0 0,0 0,1
439,1 367,1 370,1 451,1 0,0 0,0 0,0 0,1
549,1 312,1 0,0 0,0 0,0 0,0 0,0 0,1
189,1 349,1 426,1 0,0 0,0 0,0 0,0 0,1
259,1 226,1 0,0 0,0 0,0 0,0 0,0 0,1
439,1 367,1 425,1 0,0 0,0 0,0 0,0 0,1
439,1 368,1 180,1 0,0 0,0 0,0 0,0 0,1
189,1 514,1 544,1 0,0 0,0 0,0 0,0 0,3
189,1 426,1 0,0 0,0 0,0 0,0 0,0 0,2
439,1 370,1 367,1 513,1 0,0 0,0 0,0 0,1
439,1 367,1 180,1 183,1 514,1 0,0 0,0 0,1
189,1 367,1 180,1 179,1 183,1 0,0 0,0 0,1
439,1 180,1 183,1 194,1 0,0 0,0 0,0 0,1
