224,1 343,1 409,1 414,1 411,1 346,1 0,0 1,1
552,2 320,1 0,0 0,0 0,0 0,0 0,0 1,1
224,1 366,1 546,1 426,1 457,1 351,1 136,1 1,1
291,1 289,2 0,0 0,0 0,0 0,0 0,0 1,1
224,2 542,1 519,2 546,1 0,0 0,0 0,0 1,1
224,1 533,1 409,1 0,0 0,0 0,0 0,0 1,1
240,2 339,1 387,1 0,0 0,0 0,0 0,0 1,1
552,1 542,1 514,1 313,1 0,0 0,0 0,0 1,1
552,1 542,1 514,1 311,1 0,0 0,0 0,0 2,2
552,1 373,1 183,1 313,1 0,0 0,0 0,0 1,1
291,1 436,1 408,1 555,3 0,0 0,0 0,0 1,1
552,2 541,1 514,2 0,0 0,0 0,0 0,0 1,1
442,1 436,1 341,2 0,0 0,0 0,0 0,0 1,1
442,1 383,3 381,3 385,3 0,0 0,0 0,0 1,1
291,1 436,1 414,1 0,0 0,0 0,0 0,0 1,1
224,1 366,1 353,1 359,1 424,1 141,1 0,0 1,1
224,1 349,1 0,0 0,0 0,0 0,0 0,0 1,1
442,1 348,2 346,2 394,1 0,0 0,0 0,0 1,1
224,1 339,1 0,0 0,0 0,0 0,0 0,0 2,3
224,1 348,1 172,1 0,0 0,0 0,0 0,0 17,28
224,1 353,1 359,1 424,1 141,1 0,0 0,0 11,21
552,1 542,1 518,1 0,0 0,0 0,0 0,0 1,2
552,1 542,1 459,1 0,0 0,0 0,0 0,0 1,2
552,1 339,1 0,0 0,0 0,0 0,0 0,0 1,2
224,1 361,1 0,0 0,0 0,0 0,0 0,0 2,4
224,1 348,1 183,1 0,0 0,0 0,0 0,0 2,4
224,1 521,1 0,0 0,0 0,0 0,0 0,0 1,2
552,1 515,1 0,0 0,0 0,0 0,0 0,0 2,4
552,1 320,1 0,0 0,0 0,0 0,0 0,0 2,4
224,1 533,1 0,0 0,0 0,0 0,0 0,0 3,6
442,1 348,2 346,2 0,0 0,0 0,0 0,0 2,5
552,1 542,1 514,1 0,0 0,0 0,0 0,0 2,6
552,1 542,1 527,1 0,0 0,0 0,0 0,0 1,3
224,1 348,1 346,1 0,0 0,0 0,0 0,0 1,3
224,1 361,1 359,1 426,1 0,0 0,0 0,0 1,4
224,1 353,1 0,0 0,0 0,0 0,0 0,0 2,8
552,1 348,1 0,0 0,0 0,0 0,0 0,0 2,11
291,1 334,3 0,0 0,0 0,0 0,0 0,0 0,1
552,1 542,1 344,1 409,1 0,0 0,0 0,0 0,1
224,1 426,1 0,0 0,0 0,0 0,0 0,0 0,7
224,1 343,1 344,1 411,1 409,1 0,0 0,0 0,1
240,1 532,2 415,1 0,0 0,0 0,0 0,0 0,1
552,1 409,1 0,0 0,0 0,0 0,0 0,0 0,1
552,1 542,1 344,1 0,0 0,0 0,0 0,0 0,1
552,1 542,1 0,0 0,0 0,0 0,0 0,0 0,1
224,2 353,3 341,2 359,1 346,2 0,0 0,0 0,1
552,1 542,1 546,1 525,1 0,0 0,0 0,0 0,1
552,2 348,1 0,0 0,0 0,0 0,0 0,0 0,4
552,1 343,1 544,1 0,0 0,0 0,0 0,0 0,1
224,1 395,1 0,0 0,0 0,0 0,0 0,0 0,1
224,1 353,1 341,1 359,1 346,1 0,0 0,0 0,1
224,1 361,1 341,1 0,0 0,0 0,0 0,0 0,1
224,1 136,1 0,0 0,0 0,0 0,0 0,0 0,7
224,1 542,1 519,1 546,1 0,0 0,0 0,0 0,1
552,1 367,1 0,0 0,0 0,0 0,0 0,0 0,4
552,1 541,1 0,0 0,0 0,0 0,0 0,0 0,1
442,1 251,1 462,1 392,1 427,1 346,2 394,1 0,1
552,1 426,1 0,0 0,0 0,0 0,0 0,0 0,1
552,2 542,1 518,1 0,0 0,0 0,0 0,0 0,2
