438,2 458,2 341,2 0,0 0,0 0,0 0,0 1,1
438,2 361,2 138,3 0,0 0,0 0,0 0,0 5,5
438,2 361,2 366,1 364,2 0,0 0,0 0,0 1,1
438,2 361,2 366,1 527,2 0,0 0,0 0,0 1,1
438,2 353,2 341,1 359,2 366,1 0,0 0,0 1,1
438,2 366,1 354,3 341,2 0,0 0,0 0,0 1,1
145,2 361,2 359,2 366,1 0,0 0,0 0,0 1,1
438,2 361,2 364,2 366,1 0,0 0,0 0,0 1,1
145,1 361,1 0,0 0,0 0,0 0,0 0,0 2,2
145,1 361,1 136,1 138,1 0,0 0,0 0,0 1,1
438,2 361,1 138,2 0,0 0,0 0,0 0,0 1,1
548,1 527,1 327,1 0,0 0,0 0,0 0,0 1,1
438,2 340,3 366,1 359,1 0,0 0,0 0,0 1,1
258,2 361,1 359,1 0,0 0,0 0,0 0,0 1,1
438,2 353,3 527,2 357,3 366,1 0,0 0,0 1,1
438,1 361,1 366,1 364,1 0,0 0,0 0,0 1,1
438,2 361,2 138,2 0,0 0,0 0,0 0,0 1,1
438,2 361,1 138,2 366,1 0,0 0,0 0,0 1,1
438,2 366,1 361,1 527,3 0,0 0,0 0,0 1,1
145,1 453,1 0,0 0,0 0,0 0,0 0,0 2,2
258,2 361,2 359,2 366,1 0,0 0,0 0,0 1,1
438,2 361,2 353,3 0,0 0,0 0,0 0,0 2,2
438,2 366,1 342,1 0,0 0,0 0,0 0,0 1,1
553,1 361,2 0,0 0,0 0,0 0,0 0,0 1,1
145,1 361,1 359,1 366,1 0,0 0,0 0,0 13,15
438,2 361,2 527,3 0,0 0,0 0,0 0,0 6,7
438,2 340,3 366,1 359,2 0,0 0,0 0,0 5,6
258,1 361,1 359,1 366,1 0,0 0,0 0,0 28,34
438,2 340,3 358,2 0,0 0,0 0,0 0,0 23,28
438,2 361,2 366,1 364,1 0,0 0,0 0,0 7,9
438,2 353,3 458,1 358,2 0,0 0,0 0,0 3,4
438,1 353,1 355,1 358,1 0,0 0,0 0,0 3,4
438,2 361,2 364,1 366,1 0,0 0,0 0,0 2,3
438,1 361,1 138,1 366,1 0,0 0,0 0,0 2,3
438,2 353,3 341,2 359,2 366,1 0,0 0,0 10,15
438,2 340,3 359,2 0,0 0,0 0,0 0,0 26,39
438,1 366,1 361,1 138,1 0,0 0,0 0,0 9,14
438,2 366,1 361,1 138,1 0,0 0,0 0,0 14,22
438,2 361,1 527,3 0,0 0,0 0,0 0,0 10,16
145,1 361,1 359,1 0,0 0,0 0,0 0,0 3,5
438,2 361,1 138,1 366,1 0,0 0,0 0,0 3,5
145,1 361,1 138,1 136,1 0,0 0,0 0,0 4,7
438,1 353,1 140,1 0,0 0,0 0,0 0,0 6,11
258,1 361,1 359,1 0,0 0,0 0,0 0,0 22,41
438,1 342,1 0,0 0,0 0,0 0,0 0,0 16,30
438,1 361,1 138,1 0,0 0,0 0,0 0,0 206,390
438,1 353,1 458,1 359,1 0,0 0,0 0,0 1,2
438,2 361,2 138,1 0,0 0,0 0,0 0,0 2,4
438,1 340,1 359,1 0,0 0,0 0,0 0,0 2,4
438,2 353,3 341,2 359,1 366,1 0,0 0,0 2,4
438,2 353,3 341,2 359,2 0,0 0,0 0,0 4,8
438,1 526,1 136,1 0,0 0,0 0,0 0,0 1,2
438,1 356,1 357,1 0,0 0,0 0,0 0,0 1,2
438,2 366,1 361,2 364,1 0,0 0,0 0,0 1,2
438,1 361,1 364,1 0,0 0,0 0,0 0,0 4,8
438,2 361,1 527,1 0,0 0,0 0,0 0,0 1,2
145,1 361,1 138,1 353,1 0,0 0,0 0,0 3,6
438,1 357,1 359,1 0,0 0,0 0,0 0,0 11,22
438,2 361,1 138,1 0,0 0,0 0,0 0,0 10,20
438,1 140,1 136,1 0,0 0,0 0,0 0,0 1,2
438,1 136,1 140,1 0,0 0,0 0,0 0,0 12,25
258,1 359,1 361,1 0,0 0,0 0,0 0,0 7,15
438,1 361,1 527,1 0,0 0,0 0,0 0,0 20,52
145,1 361,1 141,1 0,0 0,0 0,0 0,0 3,8
438,2 140,1 136,1 0,0 0,0 0,0 0,0 2,6
438,2 340,3 359,1 0,0 0,0 0,0 0,0 1,3
258,1 361,1 138,1 353,1 0,0 0,0 0,0 1,3
438,2 361,1 527,2 0,0 0,0 0,0 0,0 1,3
438,1 361,1 353,1 0,0 0,0 0,0 0,0 4,12
145,1 136,1 353,1 341,1 359,1 0,0 0,0 1,3
145,1 361,1 135,1 0,0 0,0 0,0 0,0 2,6
438,2 353,3 458,2 358,2 0,0 0,0 0,0 5,16
145,1 527,1 526,1 0,0 0,0 0,0 0,0 2,7
438,1 353,1 341,1 358,1 0,0 0,0 0,0 2,7
438,1 353,1 526,1 0,0 0,0 0,0 0,0 2,7
438,1 361,1 136,1 353,1 0,0 0,0 0,0 1,6
438,1 353,1 341,1 359,1 0,0 0,0 0,0 1,7
438,2 353,3 140,1 0,0 0,0 0,0 0,0 1,8
258,1 366,1 361,1 359,1 0,0 0,0 0,0 0,1
438,1 526,1 353,1 0,0 0,0 0,0 0,0 0,2
438,1 353,1 356,1 355,1 0,0 0,0 0,0 0,1
438,1 353,1 360,1 0,0 0,0 0,0 0,0 0,9
438,2 361,1 364,1 0,0 0,0 0,0 0,0 0,1
438,1 136,1 526,1 0,0 0,0 0,0 0,0 0,5
438,2 361,2 138,1 366,1 0,0 0,0 0,0 0,1
145,1 361,1 356,1 0,0 0,0 0,0 0,0 0,1
438,2 361,2 364,1 0,0 0,0 0,0 0,0 0,2
438,2 353,3 527,3 357,3 0,0 0,0 0,0 0,1
438,2 353,1 341,2 358,1 0,0 0,0 0,0 0,1
438,2 361,2 353,1 0,0 0,0 0,0 0,0 0,1
438,1 140,1 353,1 0,0 0,0 0,0 0,0 0,5
438,2 353,3 360,2 0,0 0,0 0,0 0,0 0,1
438,2 356,3 138,1 358,2 0,0 0,0 0,0 0,1
438,2 361,2 527,1 0,0 0,0 0,0 0,0 0,1
438,2 356,3 353,3 341,2 0,0 0,0 0,0 0,1
438,1 356,1 527,1 359,1 0,0 0,0 0,0 0,1
438,1 340,1 358,1 0,0 0,0 0,0 0,0 0,1
145,1 361,1 358,1 0,0 0,0 0,0 0,0 0,1
438,1 353,1 354,1 358,1 0,0 0,0 0,0 0,1
438,2 353,1 458,1 358,1 0,0 0,0 0,0 0,1
145,1 525,1 527,1 0,0 0,0 0,0 0,0 0,1
258,2 361,1 359,2 366,1 0,0 0,0 0,0 0,1
438,1 527,1 356,1 359,1 0,0 0,0 0,0 0,1
438,1 353,1 527,1 136,1 354,1 0,0 0,0 0,1
438,1 356,1 138,1 141,1 0,0 0,0 0,0 0,1
438,2 342,1 0,0 0,0 0,0 0,0 0,0 0,2
438,2 353,1 341,2 359,1 0,0 0,0 0,0 0,1
438,2 135,1 358,2 364,1 366,1 0,0 0,0 0,1
258,2 353,3 136,1 527,2 357,3 0,0 0,0 0,1
438,1 366,1 353,1 359,1 458,1 0,0 0,0 0,1
258,2 361,2 366,1 359,1 0,0 0,0 0,0 0,1
438,1 366,1 342,1 0,0 0,0 0,0 0,0 0,1
438,1 353,1 359,1 525,1 0,0 0,0 0,0 0,1
548,1 527,1 0,0 0,0 0,0 0,0 0,0 0,3
145,1 353,1 0,0 0,0 0,0 0,0 0,0 0,4
438,1 366,1 357,1 359,1 0,0 0,0 0,0 0,1
548,2 527,2 0,0 0,0 0,0 0,0 0,0 0,1
438,2 140,2 136,3 0,0 0,0 0,0 0,0 0,1
438,2 136,1 341,1 359,1 0,0 0,0 0,0 0,1
438,1 353,1 341,1 527,1 0,0 0,0 0,0 0,2
