437,2 428,2 394,1 175,1 237,1 0,0 0,0 1,1
437,2 428,2 394,1 385,3 0,0 0,0 0,0 2,2
178,1 339,1 392,1 0,0 0,0 0,0 0,0 1,1
437,2 172,1 392,2 385,3 0,0 0,0 0,0 4,4
437,1 339,1 237,1 0,0 0,0 0,0 0,0 1,1
178,1 339,1 0,0 0,0 0,0 0,0 0,0 1,1
437,2 394,1 339,1 273,1 0,0 0,0 0,0 1,1
437,2 394,1 428,2 427,1 382,3 0,0 0,0 1,1
437,2 339,1 273,1 0,0 0,0 0,0 0,0 1,1
437,2 428,2 394,1 427,2 392,2 172,1 0,0 1,1
257,1 339,1 172,1 0,0 0,0 0,0 0,0 1,1
437,2 339,1 172,1 0,0 0,0 0,0 0,0 3,3
437,2 427,1 172,1 385,3 0,0 0,0 0,0 1,1
437,2 394,1 339,1 172,1 0,0 0,0 0,0 1,1
437,2 428,2 519,2 0,0 0,0 0,0 0,0 1,1
437,2 251,1 394,1 385,3 392,1 0,0 0,0 1,1
178,2 339,1 172,2 0,0 0,0 0,0 0,0 1,1
437,1 251,1 392,1 385,1 0,0 0,0 0,0 1,1
437,2 428,2 394,1 385,2 0,0 0,0 0,0 1,1
437,2 428,1 394,1 519,1 0,0 0,0 0,0 1,1
437,2 428,2 394,1 392,2 427,2 172,1 0,0 1,1
437,2 521,1 0,0 0,0 0,0 0,0 0,0 1,1
437,2 394,1 428,2 427,2 382,3 0,0 0,0 3,3
437,2 428,1 385,1 394,1 0,0 0,0 0,0 1,1
437,1 428,1 462,1 394,1 427,1 392,1 0,0 1,1
437,2 428,2 462,1 394,1 427,2 392,1 0,0 1,1
437,2 428,2 394,1 427,1 392,1 172,1 0,0 3,3
437,2 251,1 392,1 385,3 0,0 0,0 0,0 16,18
437,1 394,1 339,1 392,1 0,0 0,0 0,0 31,37
437,1 394,1 392,1 385,1 172,1 0,0 0,0 5,6
178,1 339,1 172,1 394,1 0,0 0,0 0,0 4,5
437,2 428,2 385,3 0,0 0,0 0,0 0,0 7,9
437,2 339,1 394,1 392,1 0,0 0,0 0,0 6,8
178,1 394,1 339,1 392,1 0,0 0,0 0,0 3,4
437,1 339,1 172,1 394,1 0,0 0,0 0,0 2,3
437,2 339,1 394,1 392,2 0,0 0,0 0,0 2,3
437,1 339,1 392,1 0,0 0,0 0,0 0,0 80,123
178,1 339,1 172,1 0,0 0,0 0,0 0,0 198,321
437,1 339,1 392,1 394,1 0,0 0,0 0,0 4,7
437,1 172,1 339,1 0,0 0,0 0,0 0,0 83,152
437,2 339,1 392,1 394,1 0,0 0,0 0,0 2,4
178,1 521,1 0,0 0,0 0,0 0,0 0,0 1,2
437,1 339,1 273,1 0,0 0,0 0,0 0,0 1,2
437,1 388,1 172,1 0,0 0,0 0,0 0,0 9,18
437,2 172,1 339,1 0,0 0,0 0,0 0,0 1,2
437,2 394,1 428,2 392,1 382,3 0,0 0,0 1,2
437,2 172,1 392,1 385,2 0,0 0,0 0,0 1,2
437,2 394,1 392,1 427,2 385,3 0,0 0,0 1,2
437,1 388,1 392,1 0,0 0,0 0,0 0,0 1,2
437,2 428,1 385,3 394,1 0,0 0,0 0,0 1,2
437,2 172,1 392,1 385,3 0,0 0,0 0,0 1,2
437,1 428,1 394,1 519,1 0,0 0,0 0,0 1,2
437,2 394,1 392,1 385,3 172,1 0,0 0,0 1,2
437,2 394,1 339,1 392,1 0,0 0,0 0,0 9,19
437,1 427,1 172,1 519,1 0,0 0,0 0,0 14,30
437,1 172,1 392,1 385,1 0,0 0,0 0,0 4,9
437,1 427,1 172,1 385,1 0,0 0,0 0,0 62,140
437,2 339,1 427,1 0,0 0,0 0,0 0,0 11,25
437,2 339,1 392,1 0,0 0,0 0,0 0,0 29,66
437,1 339,1 172,1 0,0 0,0 0,0 0,0 17,41
437,1 428,1 385,1 0,0 0,0 0,0 0,0 2,5
437,1 427,1 519,1 172,1 0,0 0,0 0,0 31,84
178,1 339,1 273,1 0,0 0,0 0,0 0,0 3,9
437,2 385,2 382,3 0,0 0,0 0,0 0,0 1,3
437,2 339,1 172,2 0,0 0,0 0,0 0,0 1,3
437,1 388,1 427,1 0,0 0,0 0,0 0,0 1,3
437,1 172,1 427,1 385,1 0,0 0,0 0,0 1,3
437,1 521,1 0,0 0,0 0,0 0,0 0,0 34,111
437,2 427,1 172,1 385,1 0,0 0,0 0,0 2,7
437,1 428,1 168,1 172,1 0,0 0,0 0,0 3,11
437,1 339,1 427,1 0,0 0,0 0,0 0,0 6,22
178,1 339,1 427,1 0,0 0,0 0,0 0,0 4,16
437,2 339,1 427,2 0,0 0,0 0,0 0,0 2,8
437,2 427,1 172,1 385,2 0,0 0,0 0,0 1,4
437,2 443,1 394,1 427,1 392,1 0,0 0,0 1,4
437,1 541,1 385,1 0,0 0,0 0,0 0,0 1,4
437,2 392,1 452,3 382,3 0,0 0,0 0,0 1,4
547,1 339,1 0,0 0,0 0,0 0,0 0,0 1,5
437,1 544,1 194,1 0,0 0,0 0,0 0,0 1,6
437,1 544,1 168,1 0,0 0,0 0,0 0,0 2,13
547,1 544,1 0,0 0,0 0,0 0,0 0,0 1,9
437,2 394,1 339,1 427,1 0,0 0,0 0,0 0,1
437,2 172,1 392,1 385,1 0,0 0,0 0,0 0,4
437,2 394,1 428,2 385,3 0,0 0,0 0,0 0,2
437,1 190,1 172,1 0,0 0,0 0,0 0,0 0,2
437,1 385,1 452,1 0,0 0,0 0,0 0,0 0,3
437,2 385,3 382,3 394,1 0,0 0,0 0,0 0,1
547,1 172,1 0,0 0,0 0,0 0,0 0,0 0,1
437,2 394,1 392,1 273,1 168,2 172,1 0,0 0,1
178,1 394,1 339,1 172,1 0,0 0,0 0,0 0,1
437,1 385,1 389,1 0,0 0,0 0,0 0,0 0,3
437,1 388,1 394,1 427,1 0,0 0,0 0,0 0,1
437,2 388,2 394,1 392,1 0,0 0,0 0,0 0,1
437,1 394,1 428,1 385,1 0,0 0,0 0,0 0,1
437,2 428,2 385,3 394,1 0,0 0,0 0,0 0,2
437,1 172,1 168,1 0,0 0,0 0,0 0,0 0,1
437,1 170,1 519,1 0,0 0,0 0,0 0,0 0,1
178,1 349,1 429,1 0,0 0,0 0,0 0,0 0,1
178,1 349,1 0,0 0,0 0,0 0,0 0,0 0,4
437,2 394,1 385,3 392,1 427,2 0,0 0,0 0,1
437,1 339,1 0,0 0,0 0,0 0,0 0,0 0,3
437,1 385,1 382,1 0,0 0,0 0,0 0,0 0,1
437,2 385,2 389,2 394,1 0,0 0,0 0,0 0,1
437,2 251,1 339,1 394,1 0,0 0,0 0,0 0,1
437,1 339,1 394,1 427,1 0,0 0,0 0,0 0,1
437,2 264,2 172,1 385,3 0,0 0,0 0,0 0,1
437,2 428,2 443,1 394,1 0,0 0,0 0,0 0,1
437,1 251,1 385,1 172,1 0,0 0,0 0,0 0,2
437,2 428,2 394,1 427,2 392,1 172,1 0,0 0,2
437,2 423,1 168,1 394,1 0,0 0,0 0,0 0,1
437,1 544,1 193,1 0,0 0,0 0,0 0,0 0,1
437,2 427,2 385,3 172,1 0,0 0,0 0,0 0,1
437,1 428,1 394,1 385,1 0,0 0,0 0,0 0,1
437,1 190,1 427,1 0,0 0,0 0,0 0,0 0,1
437,1 544,1 196,1 0,0 0,0 0,0 0,0 0,1
178,1 427,1 0,0 0,0 0,0 0,0 0,0 0,1
437,1 392,1 385,1 172,1 0,0 0,0 0,0 0,1
178,2 339,1 172,2 394,1 0,0 0,0 0,0 0,1
437,2 251,1 339,1 0,0 0,0 0,0 0,0 0,1
437,1 427,1 385,1 172,1 0,0 0,0 0,0 0,1
