438,2 361,1 364,1 426,3 0,0 0,0 0,0 1,1
438,2 361,1 351,2 366,1 0,0 0,0 0,0 5,5
438,2 361,2 426,3 427,1 0,0 0,0 0,0 1,1
553,1 354,1 351,2 0,0 0,0 0,0 0,0 1,1
438,2 361,2 353,3 138,3 0,0 0,0 0,0 1,1
438,2 353,2 357,3 358,2 366,1 0,0 0,0 1,1
438,2 361,2 366,1 351,2 0,0 0,0 0,0 2,2
438,2 361,2 542,2 0,0 0,0 0,0 0,0 1,1
438,2 361,2 230,2 364,1 366,1 0,0 0,0 2,2
438,2 353,3 356,3 357,3 0,0 0,0 0,0 1,1
438,1 353,1 453,1 358,1 0,0 0,0 0,0 1,1
438,2 366,1 361,2 351,2 0,0 0,0 0,0 1,1
438,2 366,1 361,2 138,1 353,3 0,0 0,0 1,1
438,2 366,1 542,2 361,1 0,0 0,0 0,0 1,1
438,2 361,1 366,1 527,2 353,2 0,0 0,0 1,1
438,2 361,2 364,2 353,3 0,0 0,0 0,0 1,1
438,2 361,1 356,1 0,0 0,0 0,0 0,0 2,2
438,2 353,3 366,1 357,3 351,2 0,0 0,0 1,1
438,2 361,2 364,1 353,3 366,1 0,0 0,0 1,1
438,2 361,2 366,1 356,3 0,0 0,0 0,0 1,1
145,1 353,1 361,1 358,1 0,0 0,0 0,0 1,1
145,1 453,1 0,0 0,0 0,0 0,0 0,0 1,1
145,1 349,1 0,0 0,0 0,0 0,0 0,0 2,2
145,1 544,1 525,1 0,0 0,0 0,0 0,0 1,1
438,2 361,2 364,2 353,3 366,1 0,0 0,0 1,1
438,2 366,1 361,2 364,2 353,3 0,0 0,0 1,1
438,2 361,2 353,3 366,1 364,2 0,0 0,0 1,1
438,2 361,2 353,3 427,2 0,0 0,0 0,0 1,1
145,1 361,1 0,0 0,0 0,0 0,0 0,0 6,7
438,2 361,1 358,1 366,1 0,0 0,0 0,0 5,6
438,2 361,2 351,2 0,0 0,0 0,0 0,0 21,26
438,2 361,2 353,3 366,1 364,1 0,0 0,0 5,7
438,2 361,2 358,2 366,1 0,0 0,0 0,0 2,3
438,2 361,1 366,1 358,2 0,0 0,0 0,0 5,8
145,1 527,1 544,1 0,0 0,0 0,0 0,0 8,13
438,1 361,1 358,1 366,1 0,0 0,0 0,0 10,17
438,1 361,1 366,1 358,1 0,0 0,0 0,0 4,7
145,1 361,1 353,1 358,1 0,0 0,0 0,0 81,145
438,2 361,2 358,2 0,0 0,0 0,0 0,0 6,12
438,2 361,2 366,1 358,2 0,0 0,0 0,0 1,2
438,2 361,2 351,2 366,1 0,0 0,0 0,0 1,2
438,1 342,1 0,0 0,0 0,0 0,0 0,0 1,2
438,2 361,1 426,3 138,1 0,0 0,0 0,0 1,2
438,2 453,3 353,3 358,2 0,0 0,0 0,0 4,8
438,2 356,3 353,3 357,3 0,0 0,0 0,0 1,2
438,2 361,1 366,1 351,2 0,0 0,0 0,0 1,2
438,2 453,3 353,3 358,1 0,0 0,0 0,0 3,6
438,2 542,1 361,2 0,0 0,0 0,0 0,0 6,13
145,1 542,1 544,1 0,0 0,0 0,0 0,0 5,11
438,2 361,1 358,2 366,1 0,0 0,0 0,0 4,9
438,1 542,1 361,1 0,0 0,0 0,0 0,0 202,457
145,1 542,1 526,1 0,0 0,0 0,0 0,0 3,7
438,1 361,1 356,1 0,0 0,0 0,0 0,0 6,15
438,1 361,1 358,1 0,0 0,0 0,0 0,0 2,5
145,1 356,1 353,1 357,1 426,1 0,0 0,0 2,5
438,1 361,1 364,1 426,1 0,0 0,0 0,0 6,15
145,1 366,1 361,1 353,1 358,1 0,0 0,0 2,5
438,2 353,3 357,3 358,1 366,1 0,0 0,0 2,5
438,2 361,1 358,2 0,0 0,0 0,0 0,0 3,8
438,2 542,1 361,1 0,0 0,0 0,0 0,0 3,8
438,1 136,1 190,1 0,0 0,0 0,0 0,0 1,3
145,1 349,1 527,1 0,0 0,0 0,0 0,0 1,3
438,2 542,2 361,2 0,0 0,0 0,0 0,0 4,13
438,1 353,1 351,1 357,1 0,0 0,0 0,0 2,7
438,2 353,3 357,3 358,2 366,1 0,0 0,0 3,12
438,2 361,2 542,1 0,0 0,0 0,0 0,0 1,4
145,1 361,1 525,1 0,0 0,0 0,0 0,0 1,6
438,1 361,1 138,1 353,1 0,0 0,0 0,0 1,6
145,1 542,1 525,1 527,1 0,0 0,0 0,0 1,6
438,2 353,3 357,2 358,2 366,1 0,0 0,0 1,7
438,1 361,1 426,1 138,1 0,0 0,0 0,0 1,8
145,1 356,1 0,0 0,0 0,0 0,0 0,0 1,10
438,2 353,1 356,3 354,3 0,0 0,0 0,0 0,1
438,1 544,1 191,1 0,0 0,0 0,0 0,0 0,4
145,1 349,1 351,1 0,0 0,0 0,0 0,0 0,2
438,1 527,1 526,1 0,0 0,0 0,0 0,0 0,2
438,1 356,1 353,1 357,1 0,0 0,0 0,0 0,3
438,2 361,1 364,1 426,2 0,0 0,0 0,0 0,1
438,2 361,1 230,1 364,2 366,1 0,0 0,0 0,3
145,1 349,1 351,1 426,1 0,0 0,0 0,0 0,4
438,2 361,1 351,2 0,0 0,0 0,0 0,0 0,2
438,1 361,1 353,1 138,1 0,0 0,0 0,0 0,3
548,1 527,1 525,1 0,0 0,0 0,0 0,0 0,10
438,1 526,1 138,1 0,0 0,0 0,0 0,0 0,1
438,2 353,1 356,3 354,1 0,0 0,0 0,0 0,1
438,1 342,1 353,1 0,0 0,0 0,0 0,0 0,1
258,1 361,1 353,1 351,1 0,0 0,0 0,0 0,1
438,2 542,2 361,1 0,0 0,0 0,0 0,0 0,1
438,1 353,1 355,1 356,1 0,0 0,0 0,0 0,2
438,1 428,1 353,1 136,1 542,1 0,0 0,0 0,2
438,2 361,2 356,3 0,0 0,0 0,0 0,0 0,2
438,2 361,2 353,3 136,1 426,3 0,0 0,0 0,1
438,1 353,1 340,1 358,1 0,0 0,0 0,0 0,1
438,1 361,1 351,1 0,0 0,0 0,0 0,0 0,3
438,1 353,1 354,1 358,1 0,0 0,0 0,0 0,2
438,1 453,1 353,1 358,1 0,0 0,0 0,0 0,2
438,1 361,1 353,1 136,1 426,1 0,0 0,0 0,2
438,1 353,1 355,1 358,1 0,0 0,0 0,0 0,3
438,2 361,1 138,1 426,1 0,0 0,0 0,0 0,1
438,2 426,2 342,1 0,0 0,0 0,0 0,0 0,1
438,2 353,3 357,3 358,2 0,0 0,0 0,0 0,1
438,1 353,1 138,1 358,1 0,0 0,0 0,0 0,1
438,1 527,1 353,1 192,1 0,0 0,0 0,0 0,1
145,2 342,1 138,3 0,0 0,0 0,0 0,0 0,1
438,1 353,1 357,1 358,1 0,0 0,0 0,0 0,2
438,1 353,1 356,1 357,1 0,0 0,0 0,0 0,3
438,2 361,1 353,3 427,1 0,0 0,0 0,0 0,1
438,2 361,2 427,1 426,2 0,0 0,0 0,0 0,1
438,1 353,1 136,1 543,1 0,0 0,0 0,0 0,1
145,2 349,1 351,2 426,1 0,0 0,0 0,0 0,1
438,1 361,1 366,1 351,1 0,0 0,0 0,0 0,1
438,2 353,1 342,1 0,0 0,0 0,0 0,0 0,1
438,2 542,1 453,3 353,3 366,1 0,0 0,0 0,1
438,1 544,1 136,1 427,1 0,0 0,0 0,0 0,1
438,2 361,1 527,3 353,3 0,0 0,0 0,0 0,1
548,1 527,1 323,1 0,0 0,0 0,0 0,0 0,1
438,1 361,1 138,1 426,1 0,0 0,0 0,0 0,1
145,1 342,1 366,1 138,1 0,0 0,0 0,0 0,1
145,1 426,1 0,0 0,0 0,0 0,0 0,0 0,28
145,1 361,1 366,1 138,1 427,1 0,0 0,0 0,1
438,2 342,1 0,0 0,0 0,0 0,0 0,0 0,3
553,1 361,2 353,3 0,0 0,0 0,0 0,0 0,1
145,1 349,1 424,1 0,0 0,0 0,0 0,0 0,1
553,1 361,1 366,1 426,3 0,0 0,0 0,0 0,1
438,1 361,1 542,1 0,0 0,0 0,0 0,0 0,1
438,1 366,1 542,1 361,1 0,0 0,0 0,0 0,2
438,2 356,3 353,3 453,3 0,0 0,0 0,0 0,1
438,2 361,1 364,2 136,1 366,1 0,0 0,0 0,1
438,2 136,3 140,2 426,1 0,0 0,0 0,0 0,2
438,1 190,1 426,1 0,0 0,0 0,0 0,0 0,2
548,2 527,2 525,2 0,0 0,0 0,0 0,0 0,1
438,1 358,1 361,1 366,1 0,0 0,0 0,0 0,1
438,2 361,1 426,3 138,3 0,0 0,0 0,0 0,1
548,1 544,1 426,1 0,0 0,0 0,0 0,0 0,1
438,2 353,3 351,1 357,3 0,0 0,0 0,0 0,2
145,1 527,1 526,1 0,0 0,0 0,0 0,0 0,6
438,2 361,2 426,3 138,3 0,0 0,0 0,0 0,1
438,2 361,2 353,3 426,3 0,0 0,0 0,0 0,1
438,2 361,2 358,1 0,0 0,0 0,0 0,0 0,1
438,2 361,2 364,1 353,3 0,0 0,0 0,0 0,1
