258,2 361,1 136,1 138,1 0,0 0,0 0,0 1,1
438,2 426,3 361,2 353,3 0,0 0,0 0,0 1,1
438,2 366,1 230,1 359,2 458,2 0,0 0,0 1,1
438,2 426,1 361,2 353,3 366,1 0,0 0,0 1,1
438,2 361,2 143,1 366,1 0,0 0,0 0,0 1,1
438,2 340,3 366,1 351,2 0,0 0,0 0,0 1,1
438,2 428,2 458,1 0,0 0,0 0,0 0,0 1,1
438,2 361,1 527,2 0,0 0,0 0,0 0,0 1,1
145,1 342,1 353,1 0,0 0,0 0,0 0,0 1,1
438,1 361,1 366,1 138,1 0,0 0,0 0,0 1,1
145,1 361,1 138,1 353,1 0,0 0,0 0,0 2,2
145,2 361,2 359,2 0,0 0,0 0,0 0,0 1,1
438,2 353,3 361,2 426,3 0,0 0,0 0,0 1,1
258,1 354,1 359,1 138,1 0,0 0,0 0,0 1,1
438,2 361,2 138,1 366,1 0,0 0,0 0,0 1,1
258,2 361,1 359,1 366,1 0,0 0,0 0,0 2,2
438,1 366,1 353,1 359,1 341,1 0,0 0,0 1,1
438,1 136,1 361,1 353,1 0,0 0,0 0,0 2,2
438,1 361,1 143,1 366,1 0,0 0,0 0,0 1,1
438,2 361,2 273,3 0,0 0,0 0,0 0,0 2,2
438,1 366,1 361,1 353,1 426,1 0,0 0,0 1,1
438,2 340,3 366,1 359,2 0,0 0,0 0,0 2,2
438,2 366,1 361,2 273,3 0,0 0,0 0,0 1,1
438,2 366,1 361,2 138,2 0,0 0,0 0,0 2,2
145,1 349,1 0,0 0,0 0,0 0,0 0,0 1,1
438,2 361,2 366,1 138,3 0,0 0,0 0,0 1,1
438,2 361,2 138,3 0,0 0,0 0,0 0,0 2,2
438,2 361,2 138,1 0,0 0,0 0,0 0,0 13,14
438,2 366,1 361,2 138,1 0,0 0,0 0,0 7,8
145,1 361,1 0,0 0,0 0,0 0,0 0,0 16,20
438,2 340,3 359,2 366,1 0,0 0,0 0,0 4,5
145,1 361,1 359,1 366,1 0,0 0,0 0,0 12,15
258,1 361,1 359,1 366,1 0,0 0,0 0,0 15,19
438,2 361,1 138,2 0,0 0,0 0,0 0,0 3,4
438,2 353,3 341,2 359,2 366,1 0,0 0,0 3,4
438,2 366,1 361,1 138,1 0,0 0,0 0,0 9,12
438,2 361,1 138,3 0,0 0,0 0,0 0,0 5,7
438,2 361,1 138,1 0,0 0,0 0,0 0,0 41,58
438,1 366,1 361,1 138,1 0,0 0,0 0,0 7,10
438,2 340,3 359,1 366,1 0,0 0,0 0,0 2,3
438,1 361,1 136,1 353,1 0,0 0,0 0,0 4,6
438,2 426,3 359,2 341,2 366,1 0,0 0,0 2,3
438,2 353,3 341,2 359,2 0,0 0,0 0,0 2,3
438,1 361,1 138,1 0,0 0,0 0,0 0,0 45,71
438,1 361,1 353,1 426,1 0,0 0,0 0,0 38,61
438,1 353,1 458,1 359,1 0,0 0,0 0,0 6,10
438,2 428,2 351,2 426,3 0,0 0,0 0,0 7,12
438,1 342,1 0,0 0,0 0,0 0,0 0,0 4,7
438,2 340,3 359,2 0,0 0,0 0,0 0,0 4,7
145,1 361,1 359,1 0,0 0,0 0,0 0,0 153,273
145,1 361,1 138,1 136,1 0,0 0,0 0,0 1,2
438,2 361,1 527,3 0,0 0,0 0,0 0,0 1,2
438,2 361,2 366,1 462,1 0,0 0,0 0,0 1,2
438,2 361,2 143,1 0,0 0,0 0,0 0,0 1,2
145,1 361,1 426,1 138,1 0,0 0,0 0,0 54,109
438,2 426,1 359,2 341,2 366,1 0,0 0,0 5,11
438,1 361,1 353,1 136,1 0,0 0,0 0,0 12,27
438,1 361,1 527,1 0,0 0,0 0,0 0,0 70,166
438,1 353,1 361,1 0,0 0,0 0,0 0,0 4,10
438,1 353,1 341,1 359,1 0,0 0,0 0,0 4,10
258,1 361,1 356,1 0,0 0,0 0,0 0,0 10,28
438,1 527,1 361,1 0,0 0,0 0,0 0,0 14,40
438,2 361,1 462,1 0,0 0,0 0,0 0,0 1,3
438,1 353,1 361,1 136,1 0,0 0,0 0,0 1,3
438,2 366,1 353,3 359,2 341,2 0,0 0,0 1,3
438,1 136,1 140,1 0,0 0,0 0,0 0,0 1,3
438,1 353,1 354,1 359,1 0,0 0,0 0,0 5,15
548,1 544,1 0,0 0,0 0,0 0,0 0,0 1,4
438,2 342,1 0,0 0,0 0,0 0,0 0,0 1,4
438,2 340,3 351,2 0,0 0,0 0,0 0,0 1,4
438,1 340,1 359,1 0,0 0,0 0,0 0,0 1,5
438,2 340,3 359,1 0,0 0,0 0,0 0,0 0,3
438,1 353,1 428,1 359,1 0,0 0,0 0,0 0,2
438,2 356,3 353,3 354,3 0,0 0,0 0,0 0,1
438,1 361,1 462,1 0,0 0,0 0,0 0,0 0,2
145,1 349,1 351,1 0,0 0,0 0,0 0,0 0,1
438,1 353,1 140,1 0,0 0,0 0,0 0,0 0,1
438,1 544,1 136,1 353,1 0,0 0,0 0,0 0,2
438,2 353,3 140,1 0,0 0,0 0,0 0,0 0,9
438,2 366,1 426,1 359,2 341,2 0,0 0,0 0,2
438,2 356,3 341,2 353,3 0,0 0,0 0,0 0,1
438,2 353,3 140,2 0,0 0,0 0,0 0,0 0,2
438,1 353,1 355,1 359,1 0,0 0,0 0,0 0,1
145,1 361,1 356,1 0,0 0,0 0,0 0,0 0,2
438,2 366,1 353,3 527,2 359,2 136,1 426,3 0,1
438,1 526,1 353,1 0,0 0,0 0,0 0,0 0,1
438,1 353,1 426,1 359,1 141,1 0,0 0,0 0,1
145,1 526,1 527,1 0,0 0,0 0,0 0,0 0,2
438,2 353,3 354,3 359,2 0,0 0,0 0,0 0,1
145,1 541,1 527,1 0,0 0,0 0,0 0,0 0,1
548,2 366,1 353,1 324,1 0,0 0,0 0,0 0,1
438,1 426,1 353,1 359,1 141,1 0,0 0,0 0,1
438,2 340,3 366,1 351,1 0,0 0,0 0,0 0,1
438,2 356,2 353,3 341,2 0,0 0,0 0,0 0,1
145,1 426,1 0,0 0,0 0,0 0,0 0,0 0,9
438,1 136,1 544,1 426,1 0,0 0,0 0,0 0,1
438,1 356,1 357,1 0,0 0,0 0,0 0,0 0,1
438,2 426,3 359,2 341,1 366,1 0,0 0,0 0,1
438,2 353,3 341,1 359,1 366,1 0,0 0,0 0,1
438,2 140,1 353,3 366,1 0,0 0,0 0,0 0,1
438,2 353,3 341,2 359,1 366,1 0,0 0,0 0,3
438,2 428,1 341,2 0,0 0,0 0,0 0,0 0,1
438,1 190,1 0,0 0,0 0,0 0,0 0,0 0,4
449,1 136,1 342,1 0,0 0,0 0,0 0,0 0,1
438,2 361,2 462,1 0,0 0,0 0,0 0,0 0,1
438,2 426,1 359,2 341,1 366,1 0,0 0,0 0,2
145,1 366,1 361,1 359,1 0,0 0,0 0,0 0,1
438,1 136,1 425,1 0,0 0,0 0,0 0,0 0,1
438,2 366,1 361,1 353,3 426,3 0,0 0,0 0,2
145,1 366,1 361,1 0,0 0,0 0,0 0,0 0,2
