552,1 433,1 194,1 0,0 0,0 0,0 0,0 1,1
552,1 339,1 519,1 0,0 0,0 0,0 0,0 1,1
442,1 436,1 407,1 406,1 0,0 0,0 0,0 4,4
503,2 492,1 519,2 0,0 0,0 0,0 0,0 1,1
552,2 315,1 372,2 0,0 0,0 0,0 0,0 1,1
554,1 436,1 372,2 496,2 0,0 0,0 0,0 1,1
240,1 390,1 250,1 519,1 0,0 0,0 0,0 1,1
224,1 339,1 0,0 0,0 0,0 0,0 0,0 2,2
224,1 339,1 519,1 0,0 0,0 0,0 0,0 1,1
552,2 415,1 420,1 430,1 320,1 0,0 0,0 1,1
503,1 492,1 415,1 420,1 0,0 0,0 0,0 1,1
240,2 436,1 345,2 418,2 448,1 415,2 0,0 1,1
224,1 429,1 402,1 194,1 0,0 0,0 0,0 2,2
552,2 315,2 371,1 336,1 0,0 0,0 0,0 1,1
224,1 436,1 345,1 415,1 420,1 448,1 0,0 1,1
552,1 339,1 172,1 429,1 389,1 0,0 0,0 1,1
224,1 345,1 0,0 0,0 0,0 0,0 0,0 9,14
224,1 436,1 429,1 402,1 194,1 0,0 0,0 7,11
224,1 373,1 429,1 194,1 371,1 183,1 0,0 7,13
224,1 345,1 415,1 0,0 0,0 0,0 0,0 2,4
224,1 529,1 0,0 0,0 0,0 0,0 0,0 1,2
552,1 436,1 433,1 0,0 0,0 0,0 0,0 1,2
442,1 436,1 483,1 406,1 0,0 0,0 0,0 2,4
552,1 339,1 0,0 0,0 0,0 0,0 0,0 1,2
552,2 436,1 433,1 0,0 0,0 0,0 0,0 1,2
224,1 345,1 430,1 429,1 415,1 0,0 0,0 18,40
224,1 373,1 371,1 372,1 0,0 0,0 0,0 2,7
224,1 141,1 0,0 0,0 0,0 0,0 0,0 3,21
224,1 519,1 0,0 0,0 0,0 0,0 0,0 2,14
224,1 341,1 458,1 0,0 0,0 0,0 0,0 1,15
442,1 339,1 519,2 430,1 0,0 0,0 0,0 0,1
224,1 373,1 513,1 371,1 194,1 0,0 0,0 0,1
224,1 429,1 0,0 0,0 0,0 0,0 0,0 0,12
442,1 339,1 429,1 430,1 0,0 0,0 0,0 0,2
224,1 194,1 429,1 0,0 0,0 0,0 0,0 0,7
442,1 339,1 429,2 430,1 0,0 0,0 0,0 0,1
552,2 429,1 0,0 0,0 0,0 0,0 0,0 0,1
552,1 523,1 458,1 341,1 0,0 0,0 0,0 0,1
224,1 415,1 345,1 0,0 0,0 0,0 0,0 0,4
552,1 338,1 0,0 0,0 0,0 0,0 0,0 0,1
200,1 433,1 371,3 0,0 0,0 0,0 0,0 0,1
552,1 513,1 0,0 0,0 0,0 0,0 0,0 0,1
503,1 436,1 433,1 0,0 0,0 0,0 0,0 0,1
224,1 513,1 0,0 0,0 0,0 0,0 0,0 0,1
224,1 345,1 415,1 194,1 0,0 0,0 0,0 0,1
224,1 372,1 373,1 513,1 0,0 0,0 0,0 0,1
552,2 415,1 0,0 0,0 0,0 0,0 0,0 0,1
224,1 429,1 194,1 359,1 141,1 0,0 0,0 0,2
552,2 339,1 338,2 519,2 0,0 0,0 0,0 0,1
