439,2 373,2 380,1 336,1 0,0 0,0 0,0 1,1
509,1 368,3 0,0 0,0 0,0 0,0 0,0 2,2
259,2 370,3 371,3 380,1 0,0 0,0 0,0 1,1
259,1 184,1 297,1 380,1 0,0 0,0 0,0 1,1
439,1 368,1 183,1 0,0 0,0 0,0 0,0 1,1
439,2 380,1 426,3 297,1 379,1 183,1 0,0 1,1
259,1 180,1 380,1 379,1 351,1 0,0 0,0 1,1
439,2 373,2 448,1 0,0 0,0 0,0 0,0 1,1
259,2 380,1 184,2 297,1 0,0 0,0 0,0 1,1
278,1 380,1 297,1 428,2 0,0 0,0 0,0 1,1
439,1 380,1 426,1 367,1 183,1 379,1 0,0 1,1
439,2 380,1 367,3 373,2 183,1 0,0 0,0 1,1
439,2 380,1 542,1 373,2 0,0 0,0 0,0 1,1
259,2 375,1 367,3 0,0 0,0 0,0 0,0 1,1
259,2 380,1 180,3 371,3 0,0 0,0 0,0 1,1
439,2 367,3 380,1 379,1 336,1 0,0 0,0 1,1
259,2 180,3 371,3 380,1 0,0 0,0 0,0 1,1
439,1 373,1 351,1 380,1 0,0 0,0 0,0 1,1
278,1 367,3 428,2 0,0 0,0 0,0 0,0 1,1
259,1 180,1 466,1 378,1 0,0 0,0 0,0 1,1
439,2 380,1 367,3 183,1 426,3 379,1 0,0 1,1
439,1 426,1 373,1 183,1 0,0 0,0 0,0 1,1
259,1 367,1 514,1 466,1 380,1 0,0 0,0 1,1
439,2 514,3 496,1 380,1 0,0 0,0 0,0 1,1
259,1 180,1 367,1 380,1 379,1 183,1 0,0 1,1
259,1 184,1 367,1 0,0 0,0 0,0 0,0 1,1
439,2 380,1 514,1 373,2 0,0 0,0 0,0 1,1
189,1 514,1 515,1 0,0 0,0 0,0 0,0 1,1
439,2 380,1 367,3 297,1 183,2 379,1 0,0 1,1
439,2 370,3 380,1 373,2 0,0 0,0 0,0 1,1
259,1 370,1 371,1 0,0 0,0 0,0 0,0 10,11
439,2 380,1 367,3 448,1 379,1 0,0 0,0 5,6
439,2 514,3 373,1 0,0 0,0 0,0 0,0 10,13
259,1 380,1 370,1 371,1 0,0 0,0 0,0 9,12
189,1 184,1 0,0 0,0 0,0 0,0 0,0 4,6
439,2 367,3 183,2 426,1 379,1 0,0 0,0 6,9
259,1 367,1 184,1 0,0 0,0 0,0 0,0 4,6
439,1 367,1 183,1 426,1 379,1 0,0 0,0 37,56
439,2 514,2 373,2 0,0 0,0 0,0 0,0 7,11
259,1 184,1 380,1 367,1 0,0 0,0 0,0 3,5
439,1 180,1 429,1 183,1 0,0 0,0 0,0 3,5
259,1 375,1 367,1 0,0 0,0 0,0 0,0 3,5
439,2 514,1 373,2 0,0 0,0 0,0 0,0 3,5
439,2 514,3 373,2 0,0 0,0 0,0 0,0 7,12
439,1 375,1 0,0 0,0 0,0 0,0 0,0 12,21
439,2 514,2 373,1 0,0 0,0 0,0 0,0 4,7
439,2 380,1 367,3 379,1 336,1 0,0 0,0 4,7
259,1 367,1 375,1 0,0 0,0 0,0 0,0 4,7
439,2 367,3 183,1 426,1 379,1 0,0 0,0 14,25
189,1 380,1 184,1 367,1 0,0 0,0 0,0 5,9
439,1 373,1 336,1 0,0 0,0 0,0 0,0 11,21
439,1 514,1 373,1 0,0 0,0 0,0 0,0 364,726
439,2 367,3 426,3 448,1 336,1 0,0 0,0 1,2
189,1 349,1 351,1 0,0 0,0 0,0 0,0 1,2
189,1 514,1 368,1 0,0 0,0 0,0 0,0 3,6
189,1 426,1 184,1 0,0 0,0 0,0 0,0 7,14
189,1 184,1 367,1 0,0 0,0 0,0 0,0 14,33
439,2 180,3 379,1 183,2 0,0 0,0 0,0 2,5
189,1 368,1 426,1 183,1 0,0 0,0 0,0 2,5
439,1 542,1 373,1 0,0 0,0 0,0 0,0 8,23
439,1 180,1 379,1 183,1 0,0 0,0 0,0 3,9
549,1 542,1 514,1 0,0 0,0 0,0 0,0 1,3
439,1 367,1 336,1 379,1 0,0 0,0 0,0 1,3
189,1 367,1 184,1 0,0 0,0 0,0 0,0 5,15
439,1 367,1 373,1 183,1 0,0 0,0 0,0 2,6
439,1 184,1 0,0 0,0 0,0 0,0 0,0 10,30
439,2 367,3 336,1 379,1 0,0 0,0 0,0 6,19
439,2 180,3 379,1 183,1 0,0 0,0 0,0 2,7
439,2 373,2 336,1 0,0 0,0 0,0 0,0 5,19
189,1 367,1 375,1 0,0 0,0 0,0 0,0 1,4
439,1 373,1 336,1 380,1 0,0 0,0 0,0 1,4
439,1 451,1 367,1 369,1 0,0 0,0 0,0 1,4
549,1 515,1 0,0 0,0 0,0 0,0 0,0 1,5
509,1 371,3 0,0 0,0 0,0 0,0 0,0 1,6
439,2 380,1 514,3 373,1 0,0 0,0 0,0 1,8
439,1 428,1 370,1 426,1 0,0 0,0 0,0 0,1
439,1 183,1 373,1 367,1 0,0 0,0 0,0 0,3
189,1 184,1 426,1 0,0 0,0 0,0 0,0 0,2
439,1 370,1 451,1 367,1 0,0 0,0 0,0 0,1
439,2 367,3 370,3 369,3 380,1 0,0 0,0 0,3
439,2 370,3 367,3 426,1 336,1 0,0 0,0 0,1
439,1 515,1 183,1 0,0 0,0 0,0 0,0 0,1
439,1 370,1 367,1 426,1 336,1 0,0 0,0 0,1
439,1 190,1 0,0 0,0 0,0 0,0 0,0 0,6
189,1 368,1 351,1 0,0 0,0 0,0 0,0 0,1
189,1 367,1 368,1 427,1 0,0 0,0 0,0 0,1
439,2 370,3 367,3 369,3 380,1 0,0 0,0 0,1
439,1 367,1 513,1 542,1 0,0 0,0 0,0 0,1
189,1 375,1 367,1 0,0 0,0 0,0 0,0 0,1
439,1 373,1 426,1 183,1 0,0 0,0 0,0 0,1
439,1 451,1 373,1 0,0 0,0 0,0 0,0 0,2
439,2 451,3 367,3 369,3 0,0 0,0 0,0 0,1
439,1 367,1 370,1 369,1 0,0 0,0 0,0 0,4
439,1 370,1 367,1 369,1 426,1 0,0 0,0 0,1
189,1 426,1 375,1 0,0 0,0 0,0 0,0 0,1
439,2 373,1 336,1 0,0 0,0 0,0 0,0 0,2
439,2 184,1 0,0 0,0 0,0 0,0 0,0 0,1
259,1 380,1 375,1 367,1 0,0 0,0 0,0 0,2
439,1 370,1 367,1 369,1 0,0 0,0 0,0 0,2
439,1 367,1 370,1 369,1 426,1 0,0 0,0 0,1
439,2 451,1 367,3 369,3 380,1 0,0 0,0 0,2
439,2 514,1 373,1 0,0 0,0 0,0 0,0 0,1
439,1 451,1 370,1 367,1 0,0 0,0 0,0 0,1
439,2 367,3 370,3 369,3 426,3 0,0 0,0 0,1
439,1 370,1 379,1 426,1 0,0 0,0 0,0 0,1
439,2 380,1 373,2 336,1 0,0 0,0 0,0 0,1
439,2 370,3 367,3 369,2 0,0 0,0 0,0 0,1
259,1 380,1 184,1 367,1 0,0 0,0 0,0 0,1
278,1 380,1 284,3 0,0 0,0 0,0 0,0 0,1
259,2 367,1 375,1 0,0 0,0 0,0 0,0 0,1
439,2 373,2 336,1 380,1 0,0 0,0 0,0 0,1
439,1 380,1 514,1 373,1 0,0 0,0 0,0 0,1
439,1 367,1 379,1 336,1 0,0 0,0 0,0 0,1
439,1 181,1 179,1 0,0 0,0 0,0 0,0 0,1
439,1 425,1 367,1 0,0 0,0 0,0 0,0 0,1
439,1 451,1 367,1 370,1 0,0 0,0 0,0 0,1
439,2 180,1 371,1 0,0 0,0 0,0 0,0 0,1
439,1 373,1 370,1 0,0 0,0 0,0 0,0 0,1
439,1 367,1 425,1 0,0 0,0 0,0 0,0 0,1
189,1 426,1 0,0 0,0 0,0 0,0 0,0 0,1
549,2 542,2 514,2 0,0 0,0 0,0 0,0 0,1
439,1 544,1 183,1 0,0 0,0 0,0 0,0 0,1
439,1 367,1 544,1 426,1 0,0 0,0 0,0 0,1
439,1 368,1 367,1 426,1 0,0 0,0 0,0 0,1
