291,1 381,3 169,1 474,1 237,1 394,1 0,0 2,2
552,1 514,1 315,1 542,1 0,0 0,0 0,0 5,5
442,1 436,1 357,3 457,2 525,1 366,1 0,0 2,2
442,1 348,2 381,1 394,1 519,1 387,1 0,0 1,1
554,1 542,2 339,1 387,1 394,1 381,3 546,1 1,1
552,1 514,1 315,1 426,1 183,1 0,0 0,0 1,1
224,1 348,1 427,1 163,1 158,1 426,1 408,1 1,1
224,2 366,1 361,1 341,1 359,1 358,2 346,2 1,1
552,1 514,1 543,1 542,1 311,1 0,0 0,0 2,2
554,1 533,3 422,1 277,1 237,1 344,2 0,0 1,1
224,1 348,1 158,1 273,1 401,1 0,0 0,0 1,1
552,1 542,1 339,1 337,1 0,0 0,0 0,0 2,2
552,1 542,1 543,1 324,1 0,0 0,0 0,0 1,1
552,1 339,1 543,1 381,1 0,0 0,0 0,0 1,1
552,1 542,1 339,1 337,1 307,1 0,0 0,0 1,1
442,1 348,2 422,1 420,1 411,3 351,2 346,2 3,3
224,2 184,1 346,2 371,3 427,1 0,0 0,0 2,2
224,2 533,3 344,2 424,3 346,2 0,0 0,0 1,1
552,1 514,1 315,1 426,1 346,1 0,0 0,0 2,2
442,1 348,1 351,1 411,1 344,1 422,1 0,0 1,1
291,1 394,1 542,1 339,1 237,1 346,2 0,0 1,1
224,1 348,1 387,1 280,1 0,0 0,0 0,0 1,1
291,1 348,2 351,2 392,2 237,2 394,1 0,0 1,1
224,2 361,2 353,3 341,2 346,2 427,1 358,1 3,3
552,1 542,1 339,1 381,1 337,1 0,0 0,0 1,1
224,1 533,1 343,1 351,1 0,0 0,0 0,0 1,1
554,1 409,3 348,2 344,2 424,3 0,0 0,0 1,1
442,1 348,2 341,2 458,2 346,2 0,0 0,0 1,1
442,1 348,2 347,2 490,3 387,1 0,0 0,0 1,1
224,1 348,1 542,1 402,1 160,1 0,0 0,0 1,1
552,1 514,1 544,1 312,1 0,0 0,0 0,0 1,1
552,2 542,1 315,1 514,1 0,0 0,0 0,0 1,1
442,1 348,2 347,2 420,2 344,2 422,1 0,0 2,2
552,1 542,1 514,1 543,1 311,1 0,0 0,0 13,13
291,1 436,1 414,2 555,1 411,3 351,2 422,1 1,1
442,1 348,2 411,3 457,2 351,2 0,0 0,0 1,1
442,1 348,1 347,2 344,2 346,2 0,0 0,0 4,4
224,2 436,1 542,2 385,3 382,3 0,0 0,0 1,1
291,1 533,3 344,2 346,1 0,0 0,0 0,0 1,1
291,1 428,2 339,1 387,1 0,0 0,0 0,0 1,1
442,1 348,2 457,2 411,3 351,2 0,0 0,0 1,1
224,1 342,1 542,1 359,1 346,1 138,1 366,1 1,1
442,1 348,2 459,2 387,2 346,2 392,2 394,1 2,2
442,1 348,1 411,3 457,2 351,2 0,0 0,0 1,1
552,2 514,3 315,1 426,3 346,2 0,0 0,0 1,1
291,1 395,3 447,1 351,2 0,0 0,0 0,0 1,1
224,2 348,2 420,2 344,2 414,2 346,2 0,0 1,1
262,2 436,1 409,3 415,2 419,2 0,0 0,0 1,1
291,1 542,1 474,1 426,1 0,0 0,0 0,0 1,1
503,1 492,1 424,2 0,0 0,0 0,0 0,0 1,1
291,1 533,3 344,2 346,2 0,0 0,0 0,0 1,1
442,1 348,2 344,2 420,2 346,2 414,2 422,1 1,1
552,2 367,3 426,3 546,1 555,3 312,2 512,1 1,1
224,1 348,1 426,1 344,1 411,1 346,1 0,0 1,1
262,1 348,1 347,1 344,1 346,1 0,0 0,0 1,1
552,1 518,1 339,1 542,1 0,0 0,0 0,0 3,3
224,1 436,1 424,1 158,1 346,1 163,1 395,1 1,1
240,1 348,1 343,2 344,1 346,1 411,2 0,0 1,1
224,2 436,1 344,2 415,2 411,3 414,2 0,0 1,1
442,1 412,1 351,2 415,1 150,1 411,1 414,1 2,2
200,1 348,2 411,3 414,2 490,3 555,3 426,3 1,1
442,1 348,2 366,1 351,1 364,1 358,2 346,2 1,1
224,2 361,2 353,3 359,2 357,3 351,2 366,1 1,1
224,2 361,2 366,1 341,2 359,2 358,2 346,1 1,1
552,1 542,1 306,1 543,1 0,0 0,0 0,0 5,5
552,1 542,1 544,1 344,1 409,1 343,1 0,0 1,1
442,1 436,1 385,2 337,3 387,1 381,2 0,0 1,1
442,1 348,2 347,2 546,1 490,3 346,2 0,0 5,5
442,1 348,2 459,1 387,1 394,1 346,2 392,1 2,2
224,2 533,3 344,2 414,2 346,1 426,2 0,0 2,2
552,1 542,1 339,1 546,1 337,1 0,0 0,0 2,2
200,1 348,2 408,1 237,1 203,1 346,2 0,0 1,1
552,2 315,2 371,3 0,0 0,0 0,0 0,0 1,1
552,1 542,1 544,1 345,1 0,0 0,0 0,0 1,1
552,2 367,3 426,1 546,1 555,1 312,3 512,2 1,1
291,1 199,1 357,3 0,0 0,0 0,0 0,0 1,1
224,1 348,1 429,1 172,1 381,1 387,1 0,0 1,1
224,1 361,1 366,1 359,1 358,1 357,1 353,1 1,1
224,1 348,1 395,1 333,1 0,0 0,0 0,0 1,1
552,1 514,1 544,1 542,1 311,1 0,0 0,0 7,7
262,1 492,1 424,1 0,0 0,0 0,0 0,0 1,1
552,1 343,1 544,1 543,1 0,0 0,0 0,0 2,2
552,1 514,1 544,1 351,1 0,0 0,0 0,0 1,1
291,1 474,1 542,1 381,3 394,1 0,0 0,0 1,1
552,1 343,1 544,1 344,1 409,1 414,1 0,0 1,1
552,1 542,1 514,1 513,1 541,1 0,0 0,0 1,1
442,1 343,3 415,1 344,2 411,3 351,2 414,2 1,1
442,1 343,3 415,2 414,2 150,1 411,3 351,2 1,1
552,2 514,2 544,1 542,1 513,1 0,0 0,0 1,1
291,1 436,1 357,3 351,2 237,1 0,0 0,0 1,1
552,2 514,3 315,1 542,2 0,0 0,0 0,0 2,2
224,2 409,3 343,3 345,1 346,2 414,1 457,2 1,1
442,1 348,2 363,2 357,3 0,0 0,0 0,0 1,1
442,1 348,2 347,2 344,2 346,2 0,0 0,0 1,1
554,1 348,2 424,3 546,1 344,2 422,1 0,0 1,1
552,2 348,2 306,3 542,1 0,0 0,0 0,0 1,1
442,1 436,1 385,3 337,3 387,2 381,3 0,0 2,2
224,2 436,1 448,1 421,1 411,3 422,1 0,0 1,1
291,1 492,1 0,0 0,0 0,0 0,0 0,0 2,2
291,1 533,3 344,2 346,2 422,1 0,0 0,0 1,1
552,1 544,1 320,1 0,0 0,0 0,0 0,0 2,2
224,1 361,1 282,1 546,1 359,1 358,1 346,1 1,1
552,1 542,1 514,1 543,1 546,1 0,0 0,0 2,2
552,2 542,2 315,1 514,3 0,0 0,0 0,0 2,2
224,1 184,1 371,1 346,1 426,1 546,1 0,0 1,1
552,1 514,1 543,1 312,1 0,0 0,0 0,0 1,1
224,1 184,1 371,1 346,1 367,1 426,1 0,0 1,1
552,2 348,2 306,2 542,2 0,0 0,0 0,0 1,1
552,2 542,1 315,1 514,3 380,1 0,0 0,0 1,1
554,1 542,1 339,1 387,1 237,1 0,0 0,0 1,1
224,1 348,1 366,1 424,1 346,1 358,1 364,1 1,1
442,1 348,2 455,1 351,2 411,3 346,2 0,0 1,1
224,1 343,1 415,1 150,1 411,1 457,1 414,1 6,6
291,1 381,3 474,1 237,1 394,1 169,1 0,0 1,1
552,1 366,1 273,1 359,1 324,1 351,1 358,1 1,1
224,1 348,1 555,1 395,1 158,1 163,1 0,0 1,1
552,2 348,2 306,1 542,1 0,0 0,0 0,0 2,2
552,2 514,1 544,1 543,1 0,0 0,0 0,0 2,2
552,1 339,1 544,1 0,0 0,0 0,0 0,0 1,1
442,1 348,2 422,1 420,2 411,3 351,2 346,2 1,1
552,1 542,1 339,1 0,0 0,0 0,0 0,0 1,1
224,1 361,1 542,1 359,1 346,1 358,1 136,1 4,4
224,1 348,1 138,1 359,1 142,1 366,1 0,0 1,1
552,1 315,1 183,1 513,1 0,0 0,0 0,0 1,1
552,2 514,2 544,2 542,1 513,1 0,0 0,0 2,2
552,1 422,1 420,1 345,1 320,1 0,0 0,0 1,1
262,1 348,1 411,1 344,1 542,1 0,0 0,0 1,1
442,1 348,1 344,1 417,1 0,0 0,0 0,0 1,1
291,1 436,1 237,2 296,1 280,2 394,1 0,0 1,1
552,2 514,1 544,1 515,1 0,0 0,0 0,0 1,1
503,2 348,2 351,1 457,3 337,3 0,0 0,0 1,1
291,1 436,1 351,2 357,3 546,1 230,1 366,1 1,1
552,2 518,1 306,2 338,2 0,0 0,0 0,0 1,1
552,2 542,1 514,2 543,2 0,0 0,0 0,0 1,1
552,1 339,1 306,1 387,1 0,0 0,0 0,0 1,1
291,1 394,1 474,1 542,1 296,1 0,0 0,0 1,1
224,2 348,2 346,2 359,2 357,3 0,0 0,0 1,1
224,1 436,1 345,1 415,1 414,1 0,0 0,0 1,1
224,1 413,1 409,1 351,1 150,1 411,1 346,1 1,1
442,1 348,2 422,1 415,2 344,2 346,2 0,0 1,1
442,1 388,2 385,3 387,2 381,3 394,1 0,0 1,1
224,2 348,2 366,1 424,3 346,2 358,2 364,1 2,2
552,2 348,1 306,3 542,2 0,0 0,0 0,0 1,1
291,1 533,3 344,1 346,1 0,0 0,0 0,0 1,1
291,1 348,2 436,1 346,1 408,1 0,0 0,0 1,1
224,2 361,2 138,3 346,2 351,2 357,3 0,0 1,1
291,1 199,1 158,1 160,1 408,1 0,0 0,0 1,1
291,1 542,2 474,1 0,0 0,0 0,0 0,0 1,1
224,2 542,1 436,1 359,2 346,2 358,2 138,1 1,1
442,1 348,1 347,1 420,1 344,2 422,1 0,0 2,2
224,1 542,1 342,1 424,1 359,1 546,1 0,0 1,1
552,1 542,1 514,1 543,1 313,1 0,0 0,0 1,1
262,2 348,2 542,2 344,2 351,2 422,1 0,0 1,1
552,2 542,1 514,1 543,2 0,0 0,0 0,0 2,2
224,1 162,1 426,1 424,1 158,1 163,1 0,0 4,4
554,1 348,2 344,2 424,3 409,3 0,0 0,0 1,1
224,2 348,2 415,1 344,1 346,2 0,0 0,0 1,1
224,1 542,1 436,1 411,1 351,1 344,1 0,0 1,1
442,1 348,2 459,2 338,2 346,2 394,1 0,0 1,1
224,2 361,2 427,1 353,3 341,2 358,2 346,2 1,1
224,2 361,1 353,3 341,2 346,2 427,2 358,1 1,1
224,1 361,1 136,1 141,1 359,1 138,1 358,1 1,1
442,1 348,2 366,1 341,2 364,1 346,2 427,1 1,1
200,1 184,1 183,1 179,1 352,1 367,1 0,0 1,1
224,2 376,1 371,3 346,2 0,0 0,0 0,0 1,1
554,1 542,2 436,1 394,1 387,2 175,2 296,1 1,1
442,1 339,1 381,3 387,1 351,2 337,3 0,0 1,1
224,1 361,1 426,1 341,1 359,1 358,1 353,1 1,1
554,1 348,1 387,2 424,2 172,2 0,0 0,0 2,2
262,2 184,1 371,1 346,2 427,1 0,0 0,0 1,1
552,2 370,1 367,1 514,3 312,1 542,1 0,0 1,1
552,2 370,1 367,1 514,3 312,1 542,2 0,0 2,2
552,2 542,1 330,1 415,1 409,3 0,0 0,0 1,1
291,1 436,1 351,2 401,2 555,3 408,1 0,0 1,1
554,1 514,2 436,1 371,3 346,2 380,1 0,0 1,1
291,1 348,2 385,3 0,0 0,0 0,0 0,0 1,1
442,1 348,2 426,2 420,1 344,2 351,2 0,0 1,1
503,2 343,3 455,3 414,3 490,3 411,3 485,3 3,3
291,1 366,1 492,1 0,0 0,0 0,0 0,0 1,1
552,1 514,1 315,1 185,1 0,0 0,0 0,0 1,1
224,1 348,1 149,1 414,1 344,1 346,1 0,0 1,1
262,2 152,1 424,2 344,2 411,1 0,0 0,0 1,1
224,1 361,1 426,1 141,1 138,1 357,1 353,1 1,1
224,1 348,1 398,1 163,1 158,1 426,1 0,0 1,1
442,1 348,2 344,2 415,1 414,1 0,0 0,0 1,1
262,2 152,1 424,3 344,2 411,1 0,0 0,0 1,1
442,1 348,2 344,1 415,1 414,2 0,0 0,0 1,1
224,1 348,1 395,1 402,1 346,1 426,1 546,1 2,2
442,1 348,2 344,2 415,2 414,2 0,0 0,0 1,1
224,1 348,1 421,1 411,1 422,1 0,0 0,0 1,1
552,2 370,1 367,1 514,1 312,1 542,1 0,0 1,1
552,1 542,1 306,1 519,1 0,0 0,0 0,0 1,1
442,1 348,2 555,1 366,1 357,3 351,2 0,0 1,1
442,1 428,2 422,1 351,2 411,3 429,1 352,1 1,1
554,1 348,2 344,2 424,3 409,3 422,1 0,0 1,1
442,1 152,1 344,2 424,3 411,3 422,1 0,0 1,1
224,1 395,1 546,1 402,1 406,1 426,1 448,1 1,1
224,1 348,1 387,1 172,1 169,1 346,1 427,1 2,2
552,2 436,1 518,1 306,2 381,3 0,0 0,0 1,1
552,1 514,1 515,1 0,0 0,0 0,0 0,0 1,1
224,1 361,1 364,1 359,1 358,1 346,1 427,1 1,1
554,1 348,2 387,2 424,2 172,1 0,0 0,0 2,2
224,1 348,1 346,1 395,1 158,1 163,1 0,0 1,1
224,2 332,2 399,3 424,3 351,2 163,1 0,0 1,1
552,1 544,1 539,1 537,1 0,0 0,0 0,0 1,1
442,1 348,2 344,2 415,2 414,1 0,0 0,0 1,1
224,1 361,1 366,1 141,1 359,1 362,1 0,0 1,1
442,1 348,2 422,1 420,1 411,2 351,2 346,2 1,1
224,1 361,1 353,1 546,1 359,1 358,1 346,1 1,1
262,1 348,1 525,1 362,1 0,0 0,0 0,0 1,1
554,1 348,2 424,3 387,1 172,1 0,0 0,0 1,1
291,1 340,3 490,3 555,3 282,2 237,1 0,0 1,1
442,1 348,2 357,3 364,2 351,2 366,1 0,0 1,1
291,1 348,2 351,2 411,3 409,3 422,1 0,0 1,1
442,1 413,3 415,2 419,2 0,0 0,0 0,0 1,1
442,1 383,3 450,1 394,1 392,2 346,2 0,0 1,1
291,1 372,2 371,3 0,0 0,0 0,0 0,0 1,1
442,1 348,2 514,1 379,1 336,1 380,1 0,0 1,1
442,1 348,2 344,1 415,1 414,1 0,0 0,0 1,1
552,2 542,2 315,2 514,3 380,1 0,0 0,0 1,1
442,1 348,2 459,2 387,2 394,1 346,2 392,1 1,1
503,1 348,1 387,1 424,1 337,2 381,2 0,0 1,1
291,1 381,1 169,1 474,1 237,1 394,1 0,0 1,1
552,2 370,1 367,1 514,2 312,3 542,1 0,0 1,1
442,1 348,2 459,2 387,2 394,1 392,1 346,2 2,2
442,1 348,2 344,2 415,1 414,2 0,0 0,0 1,1
224,1 184,1 371,1 179,1 0,0 0,0 0,0 33,34
224,1 436,1 346,1 138,1 457,1 357,1 366,1 50,53
442,1 348,2 411,3 344,2 351,2 0,0 0,0 10,11
442,1 348,2 351,2 411,3 344,2 422,1 0,0 9,10
224,2 348,2 366,1 357,3 351,2 346,2 0,0 7,8
552,1 542,1 315,1 514,1 0,0 0,0 0,0 6,7
224,1 514,1 348,1 371,1 546,1 0,0 0,0 6,7
442,1 348,2 344,2 417,2 0,0 0,0 0,0 11,13
442,1 348,2 347,2 457,2 346,2 0,0 0,0 4,5
224,2 361,2 353,3 341,2 346,2 427,2 358,2 4,5
554,1 348,1 387,2 424,3 172,1 0,0 0,0 3,4
240,2 348,2 436,1 457,3 346,2 0,0 0,0 3,4
442,1 376,1 346,1 371,1 0,0 0,0 0,0 3,4
224,1 542,1 436,1 357,1 138,1 427,1 426,1 3,4
224,1 542,1 342,1 424,1 359,1 353,1 0,0 3,4
224,2 184,1 346,2 371,2 427,1 0,0 0,0 3,4
442,1 348,2 394,1 387,1 385,3 381,3 0,0 3,4
554,1 348,1 424,3 387,1 172,1 0,0 0,0 3,4
224,1 436,1 138,1 457,1 357,1 346,1 0,0 60,83
554,1 348,2 387,1 424,3 172,1 0,0 0,0 5,7
224,1 339,1 280,1 387,1 0,0 0,0 0,0 5,7
224,1 361,1 542,1 359,1 346,1 424,1 546,1 5,7
262,1 152,1 424,1 344,1 411,1 0,0 0,0 54,76
224,1 436,1 426,1 138,1 457,1 357,1 136,1 122,173
554,1 348,2 387,2 424,3 172,1 0,0 0,0 13,19
224,1 361,1 542,1 359,1 346,1 424,1 426,1 2,3
224,1 162,1 426,1 158,1 163,1 346,1 395,1 2,3
224,1 136,1 436,1 357,1 141,1 138,1 426,1 6,9
552,1 339,1 543,1 0,0 0,0 0,0 0,0 2,3
224,1 524,1 426,1 141,1 138,1 357,1 546,1 2,3
552,1 370,1 514,1 315,1 0,0 0,0 0,0 2,3
291,1 474,1 542,2 381,3 394,1 0,0 0,0 2,3
442,1 348,2 347,2 371,1 0,0 0,0 0,0 2,3
224,1 348,1 366,1 357,1 351,1 346,1 0,0 2,3
224,2 361,1 353,3 341,2 346,2 427,2 358,2 2,3
442,1 152,1 344,1 424,1 411,1 422,1 0,0 2,3
442,1 348,2 426,1 420,1 344,2 351,2 0,0 4,6
552,1 370,1 367,1 514,1 312,1 542,1 0,0 14,21
442,1 348,2 347,2 344,2 346,2 422,1 0,0 2,3
224,1 339,1 172,1 387,1 424,1 346,1 0,0 7,11
224,1 436,1 138,1 457,1 136,1 357,1 426,1 50,79
554,1 348,2 387,1 424,1 172,1 0,0 0,0 12,19
224,1 361,1 353,1 542,1 359,1 358,1 346,1 5,8
224,2 380,1 184,1 346,2 371,3 427,1 0,0 16,26
224,1 184,1 346,1 371,1 427,1 380,1 0,0 46,76
224,1 361,1 542,1 359,1 353,1 346,1 358,1 3,5
554,1 348,1 387,1 424,3 172,1 0,0 0,0 3,5
224,1 527,1 542,1 341,1 359,1 525,1 346,1 3,5
224,1 348,1 344,1 346,1 411,1 409,1 0,0 3,5
224,2 361,1 353,3 341,2 346,2 427,1 358,1 3,5
224,1 348,1 395,1 457,1 351,1 346,1 408,1 9,15
224,1 361,1 542,1 341,1 359,1 346,1 0,0 27,45
442,1 348,2 347,2 351,1 426,3 0,0 0,0 3,5
224,1 361,1 542,1 359,1 358,1 346,1 136,1 32,54
224,1 361,1 542,1 359,1 346,1 424,1 353,1 84,142
224,1 348,1 341,1 359,1 358,1 0,0 0,0 46,78
224,1 380,1 184,1 346,1 371,1 427,1 0,0 149,253
554,1 348,1 387,1 424,1 172,1 0,0 0,0 10,17
224,1 413,1 344,1 424,1 346,1 411,1 0,0 7,12
224,1 361,1 282,1 353,1 359,1 358,1 346,1 53,92
224,1 436,1 427,1 138,1 457,1 357,1 0,0 27,47
224,1 542,1 533,1 344,1 346,1 0,0 0,0 1152,2008
224,1 361,1 341,1 359,1 346,1 358,1 0,0 52,91
224,1 457,1 426,1 436,1 138,1 357,1 136,1 4,7
224,1 136,1 436,1 357,1 141,1 138,1 427,1 29,51
224,1 533,1 344,1 414,1 346,1 409,1 0,0 37,66
224,1 533,1 344,1 424,1 346,1 0,0 0,0 151,271
224,1 361,1 353,1 141,1 359,1 358,1 346,1 90,162
224,1 348,1 542,1 359,1 358,1 426,1 0,0 5,9
224,1 361,1 542,1 359,1 358,1 427,1 353,1 11,20
224,1 366,1 361,1 341,1 359,1 358,1 346,1 23,42
552,1 514,1 544,1 542,1 0,0 0,0 0,0 6,11
224,1 361,1 341,1 359,1 525,1 426,1 0,0 6,11
224,1 436,1 344,1 415,1 411,1 414,1 0,0 25,46
224,1 348,1 542,1 402,1 346,1 0,0 0,0 588,1093
224,1 348,1 339,1 172,1 0,0 0,0 0,0 8,15
224,1 361,1 542,1 546,1 359,1 358,1 346,1 8,15
224,1 533,1 344,1 411,1 414,1 0,0 0,0 24,46
224,1 184,1 346,1 371,1 427,1 0,0 0,0 94,181
224,1 348,1 387,1 424,1 337,1 381,1 0,0 15,29
224,1 361,1 136,1 426,1 359,1 357,1 138,1 398,780
224,1 339,1 457,1 387,1 169,1 381,1 426,1 27,53
224,1 361,1 426,1 141,1 359,1 357,1 366,1 14,28
552,2 348,2 306,3 542,2 0,0 0,0 0,0 1,2
224,1 361,1 542,1 359,1 358,1 346,1 353,1 4,8
224,1 542,1 413,1 424,1 344,1 346,1 0,0 3,6
442,1 348,2 385,3 387,2 426,3 0,0 0,0 1,2
503,2 348,2 347,3 490,3 351,2 0,0 0,0 1,2
224,1 348,1 542,1 359,1 358,1 136,1 0,0 1,2
224,1 348,1 172,1 339,1 394,1 0,0 0,0 1,2
224,1 184,1 427,1 371,1 346,1 380,1 0,0 1,2
224,1 348,1 409,1 414,1 344,1 411,1 0,0 3,6
224,1 376,1 371,1 346,1 0,0 0,0 0,0 16,32
224,1 436,1 341,1 359,1 457,1 346,1 0,0 1,2
224,1 348,1 411,1 346,1 344,1 409,1 0,0 1,2
552,1 514,1 544,1 542,1 513,1 0,0 0,0 10,20
224,1 348,1 385,1 387,1 381,1 0,0 0,0 2,4
224,1 361,1 141,1 359,1 138,1 358,1 353,1 1,2
224,1 346,1 353,1 361,1 359,1 358,1 141,1 4,8
224,1 361,1 542,1 359,1 358,1 364,1 546,1 4,8
552,1 544,1 543,1 546,1 527,1 0,0 0,0 1,2
224,1 436,1 424,1 411,1 150,1 414,1 346,1 1,2
224,1 412,1 411,1 150,1 414,1 417,1 426,1 3,6
224,1 348,1 160,1 163,1 158,1 426,1 0,0 1,2
224,2 184,1 346,1 371,3 427,1 0,0 0,0 1,2
224,1 361,1 542,1 359,1 358,1 448,1 0,0 1,2
552,1 514,1 544,1 351,1 513,1 0,0 0,0 1,2
552,1 532,1 321,1 0,0 0,0 0,0 0,0 1,2
442,1 348,2 459,1 338,2 392,1 394,1 0,0 2,4
224,1 184,1 427,1 371,1 346,1 0,0 0,0 1,2
224,1 184,1 426,1 371,1 367,1 346,1 0,0 1,2
224,1 184,1 371,1 427,1 346,1 0,0 0,0 2,4
224,1 184,1 346,1 183,1 371,1 0,0 0,0 1,2
224,1 348,1 395,1 163,1 158,1 426,1 0,0 1,2
224,2 366,1 361,1 341,2 359,1 358,2 346,2 2,4
224,1 343,1 414,1 415,1 411,1 457,1 351,1 1,2
224,1 348,1 457,1 344,1 346,1 0,0 0,0 1,2
442,1 361,2 436,1 359,2 364,1 346,2 366,1 3,6
224,1 408,1 348,1 542,1 402,1 346,1 0,0 2,4
224,1 348,1 415,1 344,1 346,1 0,0 0,0 2,4
224,1 348,1 353,1 359,1 346,1 358,1 426,1 1,2
224,1 348,1 339,1 346,1 0,0 0,0 0,0 1,2
224,1 361,1 341,1 359,1 358,1 353,1 136,1 1,2
224,1 348,1 387,1 172,1 424,1 346,1 0,0 2,4
552,1 542,1 514,1 543,1 0,0 0,0 0,0 19,38
224,1 542,1 342,1 346,1 358,1 427,1 0,0 1,2
224,1 184,1 183,1 371,1 426,1 367,1 0,0 1,2
224,1 361,1 426,1 359,1 138,1 357,1 136,1 2,4
224,2 343,3 555,3 411,1 415,1 457,2 351,2 1,2
442,1 343,3 414,1 411,1 415,1 457,2 351,2 1,2
224,1 436,1 138,1 457,1 357,1 136,1 426,1 1,2
224,1 361,1 366,1 341,1 359,1 358,1 346,1 4,8
224,1 361,1 359,1 341,1 358,1 346,1 0,0 11,22
224,1 348,1 427,1 414,1 344,1 346,1 0,0 2,4
224,1 542,1 436,1 359,1 346,1 358,1 138,1 4,8
224,1 361,1 353,1 341,1 359,1 346,1 427,1 8,16
224,1 533,1 344,1 414,1 411,1 0,0 0,0 47,95
224,1 348,1 353,1 346,1 359,1 358,1 426,1 32,65
224,1 361,1 141,1 546,1 359,1 358,1 346,1 42,86
224,1 361,1 542,1 359,1 364,1 358,1 136,1 17,35
224,1 184,1 371,1 367,1 346,1 426,1 0,0 30,62
224,1 184,1 371,1 346,1 427,1 0,0 0,0 36,75
224,1 361,1 341,1 359,1 358,1 346,1 0,0 10,21
224,1 162,1 426,1 163,1 158,1 396,1 0,0 26,55
224,1 348,1 371,1 346,1 427,1 0,0 0,0 7,15
224,1 361,1 542,1 359,1 358,1 424,1 0,0 20,43
224,1 348,1 341,1 359,1 141,1 0,0 0,0 13,28
224,1 348,1 179,1 371,1 0,0 0,0 0,0 18,39
552,1 542,1 544,1 543,1 0,0 0,0 0,0 6,13
224,1 348,1 353,1 341,1 359,1 346,1 0,0 11,24
224,1 353,1 361,1 426,1 359,1 357,1 138,1 5,11
224,1 353,1 361,1 341,1 359,1 364,1 346,1 5,11
224,1 348,1 414,1 344,1 346,1 0,0 0,0 5,11
224,1 361,1 353,1 346,1 359,1 358,1 141,1 5,11
224,1 361,1 353,1 136,1 138,1 359,1 357,1 19,42
224,1 339,1 457,1 387,1 381,1 169,1 426,1 8,18
224,1 348,1 344,1 414,1 346,1 409,1 426,1 4,9
224,1 391,1 387,1 424,1 457,1 0,0 0,0 4,9
224,1 348,1 542,1 414,1 344,1 409,1 0,0 4,9
224,1 348,1 542,1 402,1 395,1 426,1 0,0 4,9
224,1 348,1 353,1 426,1 359,1 358,1 346,1 22,50
224,1 361,1 353,1 346,1 359,1 358,1 427,1 55,127
224,1 457,1 436,1 426,1 138,1 357,1 136,1 3,7
224,1 348,1 344,1 414,1 411,1 409,1 0,0 3,7
224,1 353,1 136,1 361,1 359,1 138,1 357,1 3,7
224,2 533,3 344,2 414,1 346,2 409,3 0,0 3,7
442,1 436,1 450,1 427,1 0,0 0,0 0,0 3,7
224,1 184,1 426,1 371,1 346,1 367,1 0,0 17,40
224,1 348,1 426,1 359,1 358,1 346,1 353,1 11,26
224,1 361,1 542,1 359,1 346,1 358,1 353,1 11,26
224,1 348,1 387,1 426,1 424,1 346,1 381,1 8,19
224,1 348,1 409,1 344,1 411,1 346,1 0,0 5,12
224,1 348,1 542,1 402,1 395,1 546,1 0,0 2,5
224,1 361,1 542,1 359,1 346,1 358,1 546,1 2,5
224,1 361,1 341,1 359,1 358,1 427,1 0,0 2,5
224,1 348,1 353,1 359,1 358,1 346,1 136,1 2,5
224,2 380,1 184,1 371,3 179,1 0,0 0,0 2,5
224,1 184,1 183,1 371,1 346,1 0,0 0,0 20,51
224,1 361,1 136,1 138,1 359,1 362,1 0,0 7,18
224,1 361,1 353,1 136,1 359,1 138,1 357,1 12,31
224,1 346,1 184,1 183,1 371,1 0,0 0,0 6,16
224,1 184,1 371,1 346,1 426,1 0,0 0,0 9,24
224,1 361,1 542,1 359,1 358,1 346,1 426,1 8,22
224,1 353,1 361,1 357,1 362,1 0,0 0,0 4,11
224,1 348,1 424,1 158,1 346,1 395,1 426,1 12,33
224,1 361,1 542,1 359,1 358,1 426,1 427,1 9,25
224,1 361,1 353,1 141,1 359,1 358,1 138,1 58,162
224,1 162,1 160,1 163,1 158,1 398,1 0,0 9,26
224,1 348,1 344,1 346,1 414,1 0,0 0,0 5,15
224,1 346,1 348,1 353,1 358,1 359,1 426,1 1,3
224,1 348,1 387,1 337,1 351,1 0,0 0,0 3,9
224,1 348,1 542,1 519,1 546,1 0,0 0,0 4,12
503,2 348,2 351,2 457,3 337,3 0,0 0,0 2,6
262,2 348,2 411,3 351,2 344,2 0,0 0,0 1,3
224,1 282,1 346,1 361,1 353,1 359,1 358,1 1,3
224,1 353,1 361,1 359,1 357,1 138,1 136,1 2,6
224,1 348,1 344,1 424,1 346,1 409,1 0,0 3,9
554,1 348,2 394,1 391,2 0,0 0,0 0,0 1,3
224,1 348,1 158,1 402,1 427,1 0,0 0,0 6,18
224,1 184,1 367,1 371,1 346,1 426,1 0,0 1,3
224,1 356,1 355,1 137,1 354,1 359,1 0,0 1,3
552,1 514,1 543,1 513,1 0,0 0,0 0,0 2,6
224,1 348,1 359,1 346,1 358,1 138,1 0,0 2,6
224,1 348,1 387,1 338,1 346,1 0,0 0,0 2,6
224,1 184,1 424,1 371,1 367,1 0,0 0,0 1,3
224,1 426,1 361,1 136,1 138,1 357,1 141,1 1,3
224,1 136,1 436,1 357,1 141,1 138,1 346,1 2,6
552,1 426,1 381,1 519,1 542,1 306,1 0,0 1,3
224,1 361,1 542,1 359,1 358,1 424,1 366,1 1,3
262,2 348,2 457,2 490,1 346,2 0,0 0,0 2,6
224,1 184,1 371,1 346,1 426,1 367,1 0,0 1,3
442,1 436,1 351,2 346,2 348,2 0,0 0,0 1,3
224,1 348,1 344,1 424,1 346,1 426,1 0,0 1,3
224,1 339,1 459,1 338,1 346,1 0,0 0,0 1,3
552,1 544,1 543,1 537,1 0,0 0,0 0,0 1,3
552,1 544,1 543,1 0,0 0,0 0,0 0,0 1,3
552,1 542,1 539,1 543,1 0,0 0,0 0,0 1,3
224,1 361,1 353,1 141,1 358,1 357,1 0,0 1,3
503,1 348,1 387,1 424,1 337,2 381,1 0,0 1,3
224,1 361,1 353,1 359,1 341,1 346,1 427,1 9,28
224,1 184,1 371,1 426,1 346,1 367,1 0,0 7,22
224,1 348,1 395,1 158,1 401,1 426,1 0,0 3,10
224,1 348,1 426,1 158,1 163,1 395,1 0,0 3,10
224,1 348,1 420,1 344,1 414,1 346,1 0,0 3,10
224,1 348,1 427,1 344,1 414,1 346,1 0,0 2,7
224,1 348,1 542,1 519,1 381,1 0,0 0,0 2,7
224,1 380,1 184,1 371,1 179,1 0,0 0,0 9,33
224,1 361,1 542,1 359,1 358,1 427,1 426,1 6,22
224,1 361,1 138,1 364,1 346,1 362,1 0,0 6,22
224,1 361,1 353,1 141,1 359,1 358,1 427,1 6,23
224,1 361,1 427,1 353,1 359,1 358,1 346,1 3,12
224,1 533,1 344,1 414,1 346,1 426,1 0,0 3,12
442,1 376,1 346,2 371,1 0,0 0,0 0,0 3,12
224,1 409,1 348,1 414,1 411,1 344,1 0,0 5,20
224,1 348,1 149,1 344,1 414,1 346,1 0,0 3,12
224,1 348,1 409,1 344,1 346,1 414,1 426,1 1,4
224,1 348,1 333,1 0,0 0,0 0,0 0,0 1,4
224,1 348,1 546,1 426,1 158,1 161,1 0,0 1,4
224,1 348,1 395,1 426,1 158,1 161,1 0,0 1,4
224,1 361,1 353,1 359,1 357,1 138,1 426,1 1,4
552,1 514,1 543,1 542,1 0,0 0,0 0,0 1,4
552,1 514,1 544,1 515,1 0,0 0,0 0,0 3,12
224,2 348,2 346,2 351,2 457,2 0,0 0,0 1,4
224,1 361,1 353,1 341,1 346,1 427,1 358,1 5,21
224,1 348,1 387,1 385,1 426,1 0,0 0,0 4,18
224,1 361,1 353,1 341,1 359,1 346,1 138,1 2,9
224,1 361,1 427,1 359,1 358,1 364,1 346,1 2,9
552,1 514,1 544,1 513,1 0,0 0,0 0,0 2,9
224,1 361,1 354,1 138,1 362,1 0,0 0,0 1,5
552,1 544,1 543,1 527,1 0,0 0,0 0,0 2,10
224,1 348,1 426,1 158,1 163,1 346,1 0,0 1,5
224,1 348,1 426,1 371,1 367,1 346,1 0,0 1,5
552,1 514,1 544,1 543,1 0,0 0,0 0,0 46,230
224,1 348,1 409,1 344,1 411,1 414,1 0,0 1,5
442,1 353,3 348,2 357,3 359,2 426,3 0,0 1,6
442,1 436,1 450,1 427,2 0,0 0,0 0,0 1,6
224,1 361,1 357,1 359,1 139,1 0,0 0,0 1,6
224,1 348,1 395,1 426,1 158,1 163,1 0,0 1,7
224,1 348,1 341,1 359,1 346,1 426,1 0,0 1,10
224,1 348,1 344,1 411,1 346,1 409,1 0,0 1,12
552,2 518,2 306,3 338,1 0,0 0,0 0,0 0,1
224,1 388,1 387,1 424,1 168,1 0,0 0,0 0,4
224,1 348,1 387,1 520,1 0,0 0,0 0,0 0,1
224,1 361,1 353,1 359,1 357,1 138,1 136,1 0,2
224,1 274,1 351,1 387,1 424,1 337,1 0,0 0,1
442,1 361,1 366,1 354,2 351,2 357,3 0,0 0,1
442,1 542,1 524,1 366,1 353,3 245,1 346,2 0,1
224,1 361,1 542,1 359,1 358,1 364,1 426,1 0,1
224,2 533,1 344,2 414,1 346,2 409,1 0,0 0,1
552,1 428,1 426,1 448,1 430,1 427,1 0,0 0,2
224,2 533,3 344,2 414,2 346,2 409,3 0,0 0,1
442,1 348,1 344,1 414,1 411,3 409,3 0,0 0,1
224,1 361,1 136,1 353,1 359,1 357,1 138,1 0,3
552,1 514,1 543,1 513,1 311,1 0,0 0,0 0,1
224,1 184,1 371,1 336,1 367,1 380,1 0,0 0,2
552,1 542,1 0,0 0,0 0,0 0,0 0,0 0,5
224,2 348,2 344,2 346,2 457,2 0,0 0,0 0,1
554,1 542,1 348,1 366,1 357,1 0,0 0,0 0,1
552,1 542,1 543,1 344,1 409,1 0,0 0,0 0,1
554,1 348,2 424,3 387,2 172,1 0,0 0,0 0,2
552,2 514,2 544,2 513,1 0,0 0,0 0,0 0,1
552,1 428,1 448,1 430,1 427,1 0,0 0,0 0,1
442,1 348,2 457,2 371,2 0,0 0,0 0,0 0,1
224,1 343,1 436,1 411,1 344,1 346,1 414,1 0,2
552,1 428,1 448,1 426,1 430,1 427,1 0,0 0,2
442,1 348,1 347,1 353,1 490,3 346,1 0,0 0,1
224,1 361,1 426,1 341,1 359,1 356,1 353,1 0,2
552,1 409,1 0,0 0,0 0,0 0,0 0,0 0,3
552,1 514,1 543,1 542,1 546,1 0,0 0,0 0,1
552,1 514,1 0,0 0,0 0,0 0,0 0,0 0,14
224,1 356,1 347,1 359,1 141,1 424,1 138,1 0,2
224,1 450,1 378,1 373,1 0,0 0,0 0,0 0,1
552,2 533,3 532,2 0,0 0,0 0,0 0,0 0,1
224,1 342,1 341,1 359,1 356,1 0,0 0,0 0,2
224,1 184,1 371,1 185,1 367,1 0,0 0,0 0,4
224,1 348,1 158,1 161,1 346,1 0,0 0,0 0,3
224,1 542,1 346,1 358,1 359,1 361,1 136,1 0,1
442,1 348,2 351,2 411,2 344,2 422,1 0,0 0,1
552,2 521,3 544,3 0,0 0,0 0,0 0,0 0,1
224,1 361,1 341,1 424,1 359,1 426,1 353,1 0,1
552,2 542,2 315,1 180,1 367,1 0,0 0,0 0,1
442,1 413,1 344,1 346,1 417,1 0,0 0,0 0,1
224,1 361,1 364,1 359,1 427,1 358,1 346,1 0,1
552,1 428,1 546,1 448,1 430,1 427,1 0,0 0,1
224,1 184,1 378,1 371,1 346,1 0,0 0,0 0,1
240,1 348,1 343,1 344,1 346,1 411,2 0,0 0,3
240,1 348,1 338,1 387,1 337,1 0,0 0,0 0,1
224,1 409,1 343,1 345,1 411,1 426,1 457,1 0,1
442,1 376,2 346,2 371,3 0,0 0,0 0,0 0,1
224,1 348,1 422,1 149,1 344,1 414,1 346,1 0,1
224,1 348,1 344,1 414,1 426,1 409,1 346,1 0,1
224,1 348,1 344,1 346,1 457,1 0,0 0,0 0,3
442,1 348,2 420,2 346,2 414,2 344,2 422,1 0,1
224,1 542,1 413,1 424,1 344,1 414,1 0,0 0,2
224,1 348,1 359,1 136,1 362,1 0,0 0,0 0,1
224,1 339,1 347,1 457,1 346,1 0,0 0,0 0,1
442,1 348,2 426,3 420,1 344,2 351,2 0,0 0,1
224,2 380,1 184,1 346,2 371,1 427,1 0,0 0,1
224,1 348,1 158,1 424,1 163,1 0,0 0,0 0,1
442,1 348,2 427,2 455,2 420,1 414,2 346,2 0,2
442,1 361,2 364,1 427,1 359,2 358,2 346,2 0,1
224,1 344,1 346,1 348,1 457,1 0,0 0,0 0,1
224,1 361,1 427,1 346,1 359,1 358,1 364,1 0,2
224,1 341,1 346,1 361,1 353,1 359,1 427,1 0,2
442,1 348,2 436,1 542,1 346,2 0,0 0,0 0,1
262,1 348,1 339,1 346,1 0,0 0,0 0,0 0,1
224,1 348,1 409,1 411,1 344,1 346,1 0,0 0,1
224,1 348,1 426,1 424,1 344,1 346,1 0,0 0,1
240,1 348,1 338,1 387,1 337,2 0,0 0,0 0,3
552,1 343,1 295,1 329,1 0,0 0,0 0,0 0,1
224,1 184,1 367,1 371,1 183,1 426,1 0,0 0,1
442,1 348,2 459,2 338,2 392,1 394,1 0,0 0,1
224,1 348,1 337,1 350,1 0,0 0,0 0,0 0,2
224,1 348,1 411,1 344,1 346,1 0,0 0,0 0,1
224,1 348,1 366,1 359,1 141,1 358,1 0,0 0,1
224,1 348,1 457,1 414,1 344,1 0,0 0,0 0,2
224,1 343,1 414,1 345,1 415,1 346,1 409,1 0,1
224,1 348,1 427,1 344,1 346,1 414,1 0,0 0,2
224,1 361,1 359,1 346,1 357,1 138,1 0,0 0,3
224,1 343,1 344,1 414,1 415,1 417,1 0,0 0,1
552,2 348,1 357,3 323,1 366,1 0,0 0,0 0,1
224,1 341,1 346,1 348,1 359,1 426,1 0,0 0,1
503,2 492,1 387,2 0,0 0,0 0,0 0,0 0,1
262,2 348,2 344,1 346,2 457,2 0,0 0,0 0,1
224,1 348,1 343,1 344,1 346,1 414,1 0,0 0,1
224,1 361,1 357,1 359,1 141,1 353,1 0,0 0,1
224,1 426,1 348,1 402,1 346,1 427,1 0,0 0,1
554,1 367,3 436,1 371,1 429,2 0,0 0,0 0,1
442,1 348,1 347,1 420,1 344,1 422,1 0,0 0,1
442,1 348,2 455,2 344,2 422,1 414,2 346,2 0,1
442,1 348,1 347,2 385,1 0,0 0,0 0,0 0,2
224,1 361,1 426,1 341,1 359,1 346,1 427,1 0,1
224,1 353,1 348,1 341,1 357,1 0,0 0,0 0,1
224,2 348,2 409,1 414,1 344,1 411,1 0,0 0,1
224,1 344,1 0,0 0,0 0,0 0,0 0,0 0,2
224,1 348,1 381,1 337,1 287,1 0,0 0,0 0,1
224,1 436,1 542,1 341,1 359,1 546,1 346,1 0,1
224,1 348,1 344,1 417,1 0,0 0,0 0,0 0,4
552,2 303,2 158,1 401,1 0,0 0,0 0,0 0,1
442,1 348,1 542,1 344,1 351,1 0,0 0,0 0,2
224,1 361,1 341,1 357,1 358,1 0,0 0,0 0,1
442,1 348,2 363,1 357,1 0,0 0,0 0,0 0,2
552,2 542,1 544,1 543,2 0,0 0,0 0,0 0,1
554,1 348,2 387,2 351,2 555,1 0,0 0,0 0,1
442,1 542,1 348,2 539,3 346,2 0,0 0,0 0,1
552,1 348,1 0,0 0,0 0,0 0,0 0,0 0,1
224,1 533,1 542,1 344,1 346,1 0,0 0,0 0,1
442,1 403,1 333,1 490,3 0,0 0,0 0,0 0,1
224,1 361,1 542,1 359,1 358,1 364,1 353,1 0,1
552,2 381,1 0,0 0,0 0,0 0,0 0,0 0,1
224,2 361,1 527,1 346,2 359,1 358,1 364,1 0,1
552,1 315,1 371,1 0,0 0,0 0,0 0,0 0,1
552,1 381,1 0,0 0,0 0,0 0,0 0,0 0,23
552,1 542,1 371,1 426,1 346,1 351,1 367,1 0,1
224,1 544,1 543,1 542,1 427,1 0,0 0,0 0,1
552,2 542,1 371,1 426,1 346,1 351,1 367,1 0,1
291,1 436,1 386,1 237,1 337,3 346,2 0,0 0,1
224,1 169,1 174,1 172,1 383,1 338,1 0,0 0,1
224,1 533,1 343,1 345,1 0,0 0,0 0,0 0,1
503,2 348,2 346,2 339,1 0,0 0,0 0,0 0,1
552,2 514,3 315,1 426,3 346,1 380,1 0,0 0,1
552,1 348,1 306,1 542,1 0,0 0,0 0,0 0,1
224,1 348,1 387,1 517,1 172,1 427,1 0,0 0,1
442,1 184,2 346,2 371,3 367,3 0,0 0,0 0,1
224,1 413,1 409,1 415,1 417,1 426,1 0,0 0,1
552,1 343,1 409,1 415,1 455,1 320,1 0,0 0,1
224,1 348,1 344,1 411,1 351,1 0,0 0,0 0,2
552,2 348,2 320,1 409,3 0,0 0,0 0,0 0,1
224,1 348,1 346,1 172,1 427,1 387,1 546,1 0,1
224,1 361,1 353,1 359,1 427,1 346,1 136,1 0,2
224,1 348,1 542,1 359,1 358,1 353,1 0,0 0,2
224,1 348,1 346,1 351,1 457,1 0,0 0,0 0,3
240,2 348,2 344,3 414,3 542,1 346,3 0,0 0,2
224,2 348,2 353,3 341,2 359,2 346,2 0,0 0,1
224,1 376,1 371,1 180,1 380,1 0,0 0,0 0,1
552,2 348,1 457,2 546,1 323,2 0,0 0,0 0,1
262,2 348,1 346,2 351,2 357,3 0,0 0,0 0,1
240,1 348,1 424,1 555,1 351,1 411,1 0,0 0,1
224,1 348,1 341,1 359,1 346,1 353,1 0,0 0,1
224,1 349,1 0,0 0,0 0,0 0,0 0,0 0,2
224,1 361,1 357,1 359,1 424,1 353,1 0,0 0,1
224,1 348,1 457,1 344,1 414,1 0,0 0,0 0,1
552,1 518,1 0,0 0,0 0,0 0,0 0,0 0,1
552,1 370,1 0,0 0,0 0,0 0,0 0,0 0,3
224,1 361,1 542,1 359,1 358,1 427,1 546,1 0,1
552,2 370,1 0,0 0,0 0,0 0,0 0,0 0,1
224,1 348,1 357,1 138,1 346,1 426,1 0,0 0,1
442,1 361,1 450,1 0,0 0,0 0,0 0,0 0,1
224,1 184,1 426,1 371,1 346,1 546,1 0,0 0,2
552,2 514,2 544,3 542,2 0,0 0,0 0,0 0,1
552,2 514,3 544,3 542,1 0,0 0,0 0,0 0,2
224,1 395,1 348,1 402,1 346,1 427,1 0,0 0,1
552,1 348,1 346,1 351,1 337,1 0,0 0,0 0,3
224,1 184,1 346,1 371,1 367,1 546,1 0,0 0,1
552,2 518,1 544,1 542,1 0,0 0,0 0,0 0,1
224,1 174,1 387,1 172,1 385,1 0,0 0,0 0,1
552,2 542,1 0,0 0,0 0,0 0,0 0,0 0,1
224,1 361,1 354,1 135,1 138,1 141,1 0,0 0,1
552,2 514,2 544,3 542,1 0,0 0,0 0,0 0,1
552,2 514,3 544,1 542,1 0,0 0,0 0,0 0,1
224,2 436,1 426,3 138,1 457,1 357,3 136,1 0,1
552,2 518,1 542,1 306,2 546,1 427,2 0,0 0,1
224,2 348,1 366,1 357,1 351,1 346,1 0,0 0,2
552,2 514,3 544,1 543,3 0,0 0,0 0,0 0,2
552,1 518,1 544,1 542,1 0,0 0,0 0,0 0,1
552,1 353,1 0,0 0,0 0,0 0,0 0,0 0,2
224,2 348,1 346,2 351,2 457,2 0,0 0,0 0,1
224,1 361,1 353,1 359,1 357,1 141,1 0,0 0,1
552,2 542,1 514,3 543,2 0,0 0,0 0,0 0,1
552,1 367,1 0,0 0,0 0,0 0,0 0,0 0,2
442,1 348,2 411,1 426,1 417,1 0,0 0,0 0,1
224,1 353,1 361,1 136,1 359,1 138,1 357,1 0,1
224,1 426,1 361,1 141,1 359,1 357,1 0,0 0,1
291,1 348,2 380,1 297,1 490,3 351,2 0,0 0,1
224,1 184,1 373,1 367,1 180,1 183,1 0,0 0,1
224,1 348,1 346,1 172,1 385,1 0,0 0,0 0,1
224,1 348,1 138,1 357,1 141,1 366,1 0,0 0,1
552,2 542,2 514,2 543,3 0,0 0,0 0,0 0,1
224,1 361,1 353,1 141,1 359,1 358,1 0,0 0,2
552,2 514,2 544,2 543,2 0,0 0,0 0,0 0,3
224,1 353,1 361,1 359,1 141,1 357,1 0,0 0,1
224,1 361,1 141,1 359,1 137,1 138,1 0,0 0,1
224,1 375,1 423,1 185,1 367,1 0,0 0,0 0,1
224,1 361,1 353,1 357,1 141,1 359,1 0,0 0,1
224,1 361,1 357,1 359,1 138,1 353,1 136,1 0,2
224,1 361,1 426,1 359,1 357,1 358,1 0,0 0,1
503,2 405,2 408,1 436,1 351,2 346,3 427,3 0,1
224,1 361,1 357,1 457,1 359,1 366,1 0,0 0,1
224,1 361,1 357,1 359,1 138,1 427,1 0,0 0,1
224,1 455,1 343,1 345,1 351,1 411,1 426,1 0,1
224,1 348,1 351,1 141,1 353,1 359,1 0,0 0,1
224,1 184,1 426,1 424,1 371,1 0,0 0,0 0,1
224,1 354,1 426,1 138,1 141,1 359,1 357,1 0,1
224,1 348,1 341,1 353,1 358,1 427,1 0,0 0,1
552,2 514,3 544,2 543,3 0,0 0,0 0,0 0,3
552,2 514,3 544,1 543,1 0,0 0,0 0,0 0,3
552,2 514,2 544,1 543,1 0,0 0,0 0,0 0,2
224,1 372,1 424,1 371,1 0,0 0,0 0,0 0,1
552,2 514,2 544,3 543,3 0,0 0,0 0,0 0,2
224,1 361,1 139,1 348,1 0,0 0,0 0,0 0,1
552,2 514,3 544,2 543,2 0,0 0,0 0,0 0,4
552,2 514,2 544,3 543,2 0,0 0,0 0,0 0,3
442,1 361,2 366,1 357,3 351,2 359,2 353,3 0,1
552,2 514,2 544,2 543,3 0,0 0,0 0,0 0,2
552,2 514,2 544,1 543,3 0,0 0,0 0,0 0,1
552,2 514,3 544,3 543,3 0,0 0,0 0,0 0,2
224,1 361,1 359,1 138,1 141,1 358,1 426,1 0,2
224,1 361,1 141,1 353,1 359,1 357,1 0,0 0,1
224,2 361,1 341,2 359,1 346,1 358,1 0,0 0,1
442,1 348,2 457,2 351,2 427,1 426,1 0,0 0,3
442,1 361,2 195,2 360,2 0,0 0,0 0,0 0,1
442,1 450,1 347,2 346,2 426,1 0,0 0,0 0,1
291,1 436,1 346,2 415,1 149,3 237,1 0,0 0,1
224,1 346,1 380,1 184,1 371,1 427,1 0,0 0,1
442,1 157,1 331,3 457,2 542,1 427,1 158,1 0,1
224,1 361,1 353,1 138,1 359,1 341,1 346,1 0,1
442,1 348,2 347,2 400,1 346,1 0,0 0,0 0,1
224,1 348,1 429,1 172,1 389,1 0,0 0,0 0,1
224,1 361,1 141,1 341,1 359,1 346,1 0,0 0,1
503,2 348,1 347,3 490,3 351,1 0,0 0,0 0,1
552,2 542,1 514,2 543,1 0,0 0,0 0,0 0,1
552,2 514,3 544,3 542,2 513,1 0,0 0,0 0,1
552,2 542,1 514,2 543,3 0,0 0,0 0,0 0,1
224,2 184,2 367,3 371,3 346,2 426,3 0,0 0,1
552,2 436,1 387,2 306,3 542,2 0,0 0,0 0,1
224,1 361,1 341,1 359,1 346,1 358,1 366,1 0,1
224,1 184,1 546,1 371,1 346,1 426,1 0,0 0,3
552,2 514,2 544,1 542,1 513,2 0,0 0,0 0,1
224,1 346,1 426,1 184,1 367,1 371,1 0,0 0,2
224,1 140,1 359,1 141,1 358,1 353,1 136,1 0,1
224,1 361,1 542,1 357,1 525,1 0,0 0,0 0,1
224,1 348,1 371,1 183,1 346,1 0,0 0,0 0,1
442,1 334,3 450,1 0,0 0,0 0,0 0,0 0,1
442,1 433,1 457,2 0,0 0,0 0,0 0,0 0,1
442,1 149,1 426,3 412,1 491,1 424,3 0,0 0,1
552,2 514,2 544,1 543,2 0,0 0,0 0,0 0,1
442,1 348,2 358,1 364,1 357,3 0,0 0,0 0,1
224,1 348,1 542,1 414,1 415,1 546,1 0,0 0,1
552,1 162,1 539,1 301,1 395,1 426,1 0,0 0,2
442,1 347,2 457,2 493,1 542,1 0,0 0,0 0,1
224,1 409,1 533,1 344,1 415,1 0,0 0,0 0,1
552,2 542,2 544,3 543,1 0,0 0,0 0,0 0,1
224,1 542,1 346,1 348,1 402,1 0,0 0,0 0,2
224,2 361,1 136,1 426,3 359,1 357,3 138,1 0,1
224,1 348,1 346,1 344,1 414,1 149,1 0,0 0,1
224,1 348,1 542,1 346,1 387,1 172,1 0,0 0,3
224,1 348,1 427,1 426,1 158,1 163,1 0,0 0,2
224,1 348,1 339,1 237,1 0,0 0,0 0,0 0,1
224,1 348,1 525,1 361,1 0,0 0,0 0,0 0,1
554,1 542,1 339,1 387,1 169,1 381,2 0,0 0,1
503,1 348,1 387,1 424,2 337,2 381,1 0,0 0,1
552,2 403,1 299,1 0,0 0,0 0,0 0,0 0,1
552,1 403,1 299,1 0,0 0,0 0,0 0,0 0,1
552,1 514,1 543,1 515,1 0,0 0,0 0,0 0,1
552,2 527,3 526,3 525,1 0,0 0,0 0,0 0,1
552,2 527,2 526,3 525,1 0,0 0,0 0,0 0,1
554,1 348,1 424,3 387,2 172,1 0,0 0,0 0,1
224,1 348,1 183,1 373,1 351,1 0,0 0,0 0,1
552,2 348,2 357,1 351,2 0,0 0,0 0,0 0,1
224,1 542,1 346,1 424,1 361,1 359,1 353,1 0,1
503,2 348,2 347,2 457,2 555,3 0,0 0,0 0,1
224,1 184,1 371,1 367,1 346,1 380,1 426,1 0,1
224,1 348,1 357,1 138,1 351,1 0,0 0,0 0,1
442,1 361,2 353,3 357,3 359,2 351,2 0,0 0,1
291,1 542,2 348,2 400,1 408,1 0,0 0,0 0,1
554,1 348,1 387,1 424,2 172,1 0,0 0,0 0,1
224,2 434,1 519,2 490,3 172,1 0,0 0,0 0,1
262,1 409,1 348,1 542,1 344,1 414,1 0,0 0,1
224,1 353,1 361,1 448,1 136,1 138,1 357,1 0,1
552,2 542,2 514,3 349,3 451,1 0,0 0,0 0,1
552,2 542,2 315,2 514,3 0,0 0,0 0,0 0,1
224,1 346,1 361,1 353,1 359,1 358,1 141,1 0,1
224,1 348,1 520,1 387,1 0,0 0,0 0,0 0,1
442,1 413,1 344,1 348,1 0,0 0,0 0,0 0,1
224,2 348,2 347,2 344,2 414,2 0,0 0,0 0,1
