441,1 413,1 350,1 411,1 0,0 0,0 0,0 1,1
441,2 444,1 420,1 426,2 409,3 0,0 0,0 1,1
261,2 343,3 344,2 273,3 411,3 351,2 414,2 1,1
441,2 343,3 455,2 414,2 344,2 417,2 0,0 1,1
156,2 426,1 409,1 414,1 415,1 150,2 417,1 1,1
502,1 413,2 410,2 150,1 411,2 0,0 0,0 1,1
156,2 152,1 414,1 424,2 344,2 0,0 0,0 1,1
441,2 343,3 419,1 351,2 411,3 0,0 0,0 1,1
502,1 343,2 320,1 344,1 411,1 0,0 0,0 1,1
156,1 413,1 422,1 411,1 414,1 415,1 427,1 1,1
441,2 409,1 412,1 317,1 557,1 150,2 422,1 1,1
156,2 413,3 411,3 344,2 414,2 427,2 0,0 1,1
551,2 409,1 426,1 343,3 320,2 322,1 0,0 1,1
261,2 412,3 343,3 320,2 420,2 414,2 426,3 1,1
551,2 413,1 542,1 344,1 409,1 0,0 0,0 1,1
551,1 320,1 544,1 0,0 0,0 0,0 0,0 1,1
156,2 343,1 409,3 344,2 411,3 414,2 416,2 1,1
551,1 533,1 318,1 0,0 0,0 0,0 0,0 1,1
441,2 412,3 343,1 344,1 417,2 426,3 422,1 1,1
441,2 412,3 343,3 344,2 417,2 426,2 0,0 1,1
156,1 426,1 409,1 343,1 345,1 415,1 414,1 1,1
551,1 320,1 542,1 0,0 0,0 0,0 0,0 1,1
441,2 409,3 413,2 415,1 416,2 0,0 0,0 1,1
441,2 152,1 344,1 149,1 427,1 0,0 0,0 2,2
441,1 409,1 424,1 426,1 149,1 148,1 196,1 1,1
441,2 152,1 344,2 424,3 409,2 0,0 0,0 1,1
551,1 318,1 533,1 0,0 0,0 0,0 0,0 1,1
441,1 343,1 344,1 345,1 0,0 0,0 0,0 1,1
441,1 343,1 345,1 0,0 0,0 0,0 0,0 1,1
441,1 544,1 343,1 344,1 0,0 0,0 0,0 1,1
441,2 152,1 344,2 149,2 427,2 0,0 0,0 1,1
551,1 532,1 320,1 0,0 0,0 0,0 0,0 1,1
463,1 409,1 426,1 542,1 320,2 455,2 422,1 1,1
502,1 529,1 322,1 414,1 0,0 0,0 0,0 1,1
441,2 152,1 344,2 149,1 427,2 0,0 0,0 7,10
441,1 409,1 413,1 415,1 416,1 0,0 0,0 7,10
441,1 152,1 344,1 149,1 427,1 0,0 0,0 2,3
156,1 152,1 424,1 344,1 414,1 0,0 0,0 148,232
156,1 152,1 344,1 424,1 414,1 0,0 0,0 260,410
156,1 343,1 409,1 344,1 411,1 414,1 416,1 10,16
551,1 533,1 0,0 0,0 0,0 0,0 0,0 5,8
156,1 152,1 414,1 424,1 344,1 0,0 0,0 72,119
551,1 413,1 542,1 344,1 409,1 0,0 0,0 3,5
441,1 152,1 344,1 424,1 409,1 0,0 0,0 4,7
441,2 343,3 415,2 344,2 417,2 0,0 0,0 4,7
156,1 152,1 344,1 424,1 149,1 0,0 0,0 9,17
156,1 426,1 409,1 414,1 415,1 150,1 417,1 19,37
551,2 532,3 320,1 0,0 0,0 0,0 0,0 1,2
551,1 343,1 531,1 426,1 344,1 0,0 0,0 2,4
551,1 542,1 533,1 343,1 0,0 0,0 0,0 2,4
441,2 152,1 344,2 424,1 409,3 0,0 0,0 1,2
441,1 412,1 414,1 150,1 415,1 149,1 427,1 2,4
156,1 409,1 426,1 150,1 415,1 417,1 414,1 10,20
441,1 343,1 543,1 345,1 0,0 0,0 0,0 1,2
156,1 426,1 409,1 150,1 415,1 417,1 414,1 3,6
156,1 426,1 409,1 415,1 150,1 417,1 414,1 48,100
156,1 343,1 411,1 150,1 344,1 414,1 351,1 11,23
156,1 152,1 411,1 344,1 414,1 0,0 0,0 4,9
156,1 426,1 409,1 414,1 150,1 415,1 417,1 5,12
441,1 544,1 150,1 195,1 149,1 0,0 0,0 2,5
441,2 409,1 413,1 415,1 416,1 0,0 0,0 1,3
441,1 412,1 343,1 344,1 417,1 426,1 0,0 5,16
156,1 426,1 409,1 150,1 414,1 415,1 417,1 4,14
441,2 444,1 420,1 351,2 0,0 0,0 0,0 1,4
156,1 409,1 426,1 414,1 150,1 415,1 417,1 1,4
463,1 444,1 448,1 422,1 0,0 0,0 0,0 1,4
441,2 444,1 462,1 351,2 0,0 0,0 0,0 2,13
441,1 532,1 409,1 426,1 531,1 0,0 0,0 0,5
156,1 542,1 533,1 344,1 409,1 0,0 0,0 0,1
156,1 343,1 424,1 426,1 350,1 542,1 409,1 0,1
502,2 152,3 422,1 409,3 424,3 344,3 0,0 0,1
441,1 428,1 415,1 194,1 427,1 149,1 0,0 0,1
156,1 412,1 413,1 149,1 415,1 414,1 0,0 0,1
441,1 190,1 414,1 192,1 0,0 0,0 0,0 0,1
441,1 532,1 544,1 426,1 149,1 0,0 0,0 0,1
551,2 444,1 448,1 422,1 0,0 0,0 0,0 0,2
441,2 413,3 426,3 351,2 415,2 343,3 0,0 0,1
441,1 413,1 409,1 410,1 414,1 424,1 0,0 0,2
441,1 409,1 542,1 533,1 343,1 0,0 0,0 0,2
441,1 409,1 410,1 426,1 528,1 415,1 0,0 0,1
441,2 444,1 462,1 426,3 414,2 0,0 0,0 0,2
441,1 428,1 414,1 426,1 424,1 429,1 427,1 0,1
156,1 343,1 424,1 426,1 350,1 344,1 0,0 0,1
551,1 542,1 533,1 414,1 0,0 0,0 0,0 0,3
441,1 533,1 414,1 416,1 0,0 0,0 0,0 0,2
551,1 412,1 343,1 414,1 320,1 0,0 0,0 0,1
551,2 409,3 343,3 426,3 448,1 345,1 0,0 0,1
441,2 444,1 420,1 426,3 455,2 0,0 0,0 0,1
441,1 409,1 412,1 544,1 410,1 149,1 0,0 0,1
156,1 542,1 533,1 344,1 426,1 0,0 0,0 0,2
441,1 413,1 532,1 150,1 0,0 0,0 0,0 0,1
441,1 544,1 425,1 150,1 0,0 0,0 0,0 0,1
551,2 444,1 462,1 426,3 0,0 0,0 0,0 0,1
551,1 409,1 0,0 0,0 0,0 0,0 0,0 0,4
441,2 460,1 419,2 426,3 422,1 0,0 0,0 0,1
463,1 343,3 462,1 351,1 350,2 0,0 0,0 0,1
551,2 532,2 448,1 428,2 0,0 0,0 0,0 0,1
441,1 533,1 425,1 0,0 0,0 0,0 0,0 0,1
441,2 444,1 462,1 351,2 422,1 0,0 0,0 0,2
441,2 444,1 448,1 426,3 409,3 0,0 0,0 0,1
441,2 444,1 420,1 426,2 414,2 0,0 0,0 0,1
551,2 542,2 533,3 343,3 0,0 0,0 0,0 0,1
441,2 412,3 409,3 411,3 415,2 416,2 0,0 0,1
156,2 152,1 414,1 424,3 344,2 0,0 0,0 0,1
441,1 147,1 533,1 191,1 0,0 0,0 0,0 0,1
551,2 542,1 533,2 343,1 0,0 0,0 0,0 0,2
441,1 532,1 411,1 423,1 0,0 0,0 0,0 0,1
441,2 444,1 462,1 426,2 420,1 0,0 0,0 0,2
463,1 460,1 410,3 351,2 422,1 0,0 0,0 0,1
441,2 444,1 420,1 426,3 414,2 0,0 0,0 0,5
441,1 432,1 410,1 424,1 0,0 0,0 0,0 0,1
441,2 444,1 448,1 426,3 422,1 409,3 0,0 0,1
156,1 343,1 344,1 426,1 350,1 542,1 0,0 0,1
156,1 343,1 409,1 426,1 350,1 542,1 424,1 0,1
551,1 426,1 0,0 0,0 0,0 0,0 0,0 0,2
551,1 343,1 344,1 426,1 350,1 0,0 0,0 0,3
551,1 343,1 426,1 344,1 350,1 0,0 0,0 0,1
441,1 343,1 350,1 351,1 344,1 0,0 0,0 0,1
551,1 532,1 412,1 344,1 0,0 0,0 0,0 0,1
463,1 444,1 542,2 422,1 0,0 0,0 0,0 0,1
156,1 150,1 426,1 409,1 414,1 415,1 417,1 0,2
239,1 542,1 351,2 410,1 237,1 409,3 0,0 0,1
441,2 343,3 419,1 351,2 448,1 0,0 0,0 0,1
463,1 460,1 448,1 351,1 426,1 422,1 0,0 0,1
551,1 444,1 448,1 0,0 0,0 0,0 0,0 0,1
463,1 320,1 542,1 344,2 0,0 0,0 0,0 0,1
551,2 343,3 448,1 351,2 429,2 414,2 0,0 0,1
441,2 409,3 413,3 415,1 416,2 0,0 0,0 0,1
441,2 409,1 413,2 415,1 416,2 0,0 0,0 0,1
441,2 343,3 197,1 427,2 344,2 409,3 0,0 0,1
441,2 152,1 344,1 424,1 409,3 0,0 0,0 0,1
156,1 150,1 409,1 414,1 417,1 426,1 415,1 0,1
156,1 409,1 415,1 417,1 414,1 426,1 150,1 0,2
156,2 152,1 344,2 424,2 414,1 0,0 0,0 0,1
502,1 542,1 533,2 344,1 0,0 0,0 0,0 0,1
551,2 533,2 0,0 0,0 0,0 0,0 0,0 0,1
441,1 409,1 0,0 0,0 0,0 0,0 0,0 0,3
551,1 343,1 345,1 344,1 0,0 0,0 0,0 0,3
156,1 344,1 152,1 424,1 414,1 0,0 0,0 0,3
441,1 413,1 426,1 530,1 415,1 0,0 0,0 0,1
441,1 432,1 410,1 351,1 0,0 0,0 0,0 0,1
441,2 343,3 419,1 351,1 414,2 409,3 0,0 0,1
156,2 343,3 411,1 344,2 351,2 541,1 0,0 0,1
