438,2 361,1 425,1 341,1 525,1 360,1 357,1 1,1
438,2 342,1 458,2 341,2 523,1 357,3 351,2 1,1
548,2 432,1 362,1 359,2 429,2 430,1 341,2 1,1
438,2 361,2 351,2 525,1 445,1 357,3 362,2 1,1
438,2 432,1 362,1 359,2 429,2 430,1 195,2 1,1
553,1 342,1 476,1 357,3 351,2 358,2 445,1 1,1
438,2 361,2 425,3 357,3 542,1 360,2 423,3 1,1
438,2 361,2 425,1 341,2 525,1 360,1 357,2 1,1
438,2 340,3 355,3 361,2 453,1 357,3 360,2 1,1
438,2 353,3 361,2 359,2 429,2 543,1 341,1 1,1
438,1 361,1 542,1 523,1 357,1 351,1 362,1 1,1
438,2 342,1 425,3 351,2 424,1 357,1 360,1 1,1
438,2 340,3 430,1 423,1 358,2 350,2 543,1 1,1
548,2 353,3 358,2 359,1 429,1 543,3 423,1 1,1
438,2 342,1 362,1 357,1 341,2 458,1 360,2 1,1
438,2 361,2 242,1 357,3 341,2 525,1 362,2 1,1
438,2 361,2 354,3 357,3 525,1 360,2 445,1 1,1
438,2 342,1 476,2 357,1 351,2 361,1 362,1 1,1
438,2 353,3 349,3 359,2 350,2 494,1 543,2 1,1
548,2 353,3 361,2 354,3 357,2 525,2 360,1 1,1
438,2 341,1 354,3 357,3 360,1 361,1 425,3 1,1
438,2 342,1 425,3 351,2 424,3 357,3 360,1 1,1
438,2 342,1 476,2 351,2 242,1 357,3 359,1 2,2
438,2 349,3 430,1 357,3 423,1 525,1 350,2 1,1
438,2 342,1 355,3 357,3 458,2 362,1 360,2 1,1
438,2 361,2 425,3 357,3 138,1 360,2 423,3 1,1
438,2 342,1 542,1 341,1 525,1 360,1 350,2 3,3
438,2 341,1 425,1 361,1 354,3 357,1 360,1 1,1
438,2 361,1 524,1 357,3 196,1 525,2 360,1 1,1
145,1 342,1 357,1 354,1 522,1 525,1 361,1 1,1
438,2 361,2 340,3 357,3 341,2 351,2 425,1 1,1
145,1 543,1 525,1 544,1 527,1 453,1 0,0 1,1
438,2 342,1 362,2 357,3 341,2 458,2 360,2 1,1
438,2 340,3 524,1 242,1 358,2 350,2 525,1 1,1
553,1 361,2 342,1 359,1 357,1 358,1 360,2 1,1
438,2 361,1 524,1 357,2 196,1 525,2 360,2 1,1
438,1 342,1 542,1 357,1 360,1 351,1 361,1 1,1
438,2 361,1 425,1 354,1 341,2 357,3 360,2 1,1
438,2 342,1 476,1 351,2 242,1 357,3 359,2 1,1
438,1 140,1 138,1 424,1 357,1 360,1 361,1 1,1
438,2 340,3 242,1 424,3 525,1 423,1 350,2 1,1
553,1 342,1 542,1 504,1 360,1 362,1 0,0 1,1
438,2 523,1 458,1 429,1 242,1 351,2 525,1 1,1
438,2 342,1 357,1 351,2 525,1 360,1 445,1 1,1
438,2 361,2 357,3 477,2 458,2 524,1 362,2 1,1
438,1 361,1 357,1 359,1 423,1 445,1 360,1 1,1
438,2 349,3 357,3 430,1 525,1 350,2 423,1 1,1
438,2 342,1 476,3 351,2 242,1 357,3 359,2 10,10
438,2 342,1 542,2 341,2 525,1 360,1 350,2 5,5
438,2 361,2 286,1 357,3 351,2 362,2 445,1 1,1
438,1 524,1 340,1 523,1 525,1 357,1 429,1 1,1
438,2 342,1 476,3 357,2 351,1 361,2 362,1 1,1
553,1 361,2 357,2 429,1 341,2 430,2 360,2 1,1
438,2 475,1 354,3 351,1 357,3 458,2 445,1 2,2
438,2 361,2 425,2 354,2 341,2 357,2 360,1 1,1
438,2 140,2 365,1 366,1 357,3 362,1 445,1 3,3
438,2 342,1 354,2 341,2 357,3 362,1 445,1 1,1
438,2 361,1 342,1 357,1 360,2 525,2 358,1 2,2
553,1 361,2 354,3 357,3 525,2 445,1 362,1 11,11
438,2 361,2 354,1 525,2 360,1 351,2 357,1 1,1
438,2 340,3 361,2 453,3 357,3 341,2 360,2 1,1
438,2 342,1 542,1 341,1 525,2 360,1 350,2 1,1
553,1 361,2 542,2 357,3 525,2 445,1 360,2 1,1
438,2 140,1 476,3 357,3 141,1 362,2 256,1 1,1
438,2 342,1 476,2 351,2 242,2 357,3 359,2 2,2
438,2 361,1 524,1 357,1 525,1 360,2 195,1 1,1
438,2 361,1 524,1 357,1 195,1 525,1 360,1 1,1
553,1 361,2 542,1 357,3 525,1 445,1 360,2 1,1
438,2 340,3 359,2 242,1 429,1 523,1 542,1 1,1
438,2 340,3 524,1 522,1 426,1 523,1 525,1 1,1
438,2 361,2 478,1 138,3 351,2 357,3 242,3 1,1
438,2 361,1 425,3 354,2 341,2 357,1 360,2 1,1
438,2 361,1 523,1 341,2 458,2 357,3 525,1 1,1
438,2 340,3 354,3 242,1 357,3 525,2 445,1 1,1
438,2 475,3 357,1 458,2 341,2 445,1 351,2 1,1
553,1 361,2 542,1 357,3 525,2 445,1 360,2 1,1
438,2 361,1 138,1 351,2 357,3 242,2 362,1 1,1
553,1 432,1 542,2 364,2 525,2 360,2 445,1 1,1
145,2 342,1 357,3 458,2 523,1 142,1 351,2 1,1
438,2 361,2 524,2 429,1 357,3 525,1 360,1 1,1
438,2 361,2 357,3 359,2 365,1 525,1 360,2 1,1
438,2 349,3 430,1 357,3 350,2 525,1 423,1 2,2
438,2 361,2 362,1 357,3 525,1 245,1 445,1 2,2
438,2 361,2 425,3 357,3 351,2 360,2 423,3 1,1
438,1 353,1 362,1 359,1 429,1 242,1 494,1 1,1
438,2 361,1 354,1 525,1 351,1 357,1 541,1 1,1
438,2 361,1 524,1 429,1 357,1 525,1 360,1 1,1
438,2 361,2 495,3 365,1 357,3 525,2 542,2 1,1
438,2 361,2 354,3 525,1 351,1 357,3 541,1 2,2
438,2 361,2 342,1 357,3 542,1 360,2 525,1 1,1
438,2 361,1 342,1 357,1 542,2 360,1 525,2 3,3
438,2 361,2 342,1 357,1 542,1 360,2 525,1 1,1
438,2 342,1 524,2 525,2 357,3 445,1 351,2 2,2
438,2 361,1 425,2 357,1 195,1 525,1 360,2 1,1
553,1 361,1 354,3 357,3 423,3 360,1 428,2 1,1
438,2 361,2 430,1 341,2 357,3 423,1 350,2 1,1
553,1 432,1 362,1 351,2 429,1 430,1 341,2 1,1
438,2 361,2 342,1 341,2 525,1 360,1 357,3 1,1
438,1 361,1 354,1 525,1 360,1 357,1 423,1 1,1
438,2 361,2 342,1 341,2 525,2 360,1 357,3 1,1
438,2 353,1 429,2 359,2 350,2 543,1 341,2 1,1
438,2 361,2 523,1 341,2 430,1 357,3 358,2 1,1
438,2 361,2 342,1 357,2 360,1 525,1 139,2 1,1
438,1 361,1 355,1 357,1 362,1 423,1 360,1 1,1
438,2 361,1 342,1 341,2 525,2 360,2 357,1 1,1
438,2 342,1 425,1 351,2 424,1 357,3 360,2 2,2
548,1 453,1 544,1 543,1 324,1 527,1 526,1 1,1
438,1 342,1 476,1 354,1 357,1 525,1 361,1 1,1
548,1 453,1 544,1 542,1 324,1 527,1 526,1 1,1
438,2 342,1 476,3 351,1 242,3 357,3 359,2 1,1
438,2 361,2 357,3 523,1 351,2 350,2 542,2 1,1
438,2 361,2 354,3 341,1 357,3 360,2 425,1 1,1
438,2 342,1 425,3 351,2 424,2 357,3 360,2 1,1
438,2 342,1 425,3 351,2 424,1 357,2 360,2 2,2
438,2 361,2 524,1 357,3 525,1 445,1 362,1 1,1
553,1 340,3 354,3 351,2 357,3 525,1 445,1 1,1
438,2 526,3 523,1 357,3 359,2 430,1 542,1 1,1
438,2 361,1 524,1 357,1 362,1 525,2 360,1 1,1
548,1 325,1 544,1 543,1 527,1 526,1 0,0 1,1
438,2 361,2 354,3 458,2 504,1 365,1 542,1 1,1
438,2 361,1 524,1 425,3 357,3 351,2 360,1 1,1
553,1 542,1 246,3 351,2 525,1 242,1 357,3 1,1
438,2 361,1 342,1 357,3 360,2 525,2 358,1 1,1
438,2 340,3 523,1 357,3 525,1 358,2 350,2 1,1
438,2 361,2 425,1 354,3 341,2 357,3 360,1 3,3
553,1 353,2 342,1 359,1 429,1 242,1 543,1 1,1
438,2 361,2 425,2 354,3 341,2 357,2 360,1 3,3
438,1 361,1 342,1 358,1 357,1 525,1 360,1 1,1
548,1 325,1 544,1 543,1 525,1 527,1 526,1 1,1
438,2 361,2 342,1 357,3 542,2 360,1 525,2 2,2
438,2 361,2 524,1 357,3 525,1 445,1 362,2 2,2
553,1 361,2 354,3 357,3 525,1 445,1 362,2 3,3
438,2 342,1 351,1 256,1 357,3 458,2 445,1 1,1
438,2 361,1 523,1 139,1 525,1 360,2 358,2 1,1
438,2 342,1 476,2 357,3 351,2 361,2 362,2 1,1
438,2 342,1 476,1 351,2 242,3 357,3 359,2 2,2
438,2 340,3 523,1 357,3 351,2 350,2 525,1 1,1
438,2 140,1 354,1 357,2 135,3 359,2 350,2 1,1
438,2 140,1 354,1 357,2 359,2 351,1 350,2 1,1
438,1 190,1 349,1 285,1 340,1 341,1 427,1 1,1
438,2 361,1 425,1 423,3 357,1 358,2 360,1 1,1
438,2 342,1 425,3 351,2 424,1 357,3 360,2 1,1
438,2 140,1 354,1 425,3 359,2 557,1 357,2 1,1
438,2 361,2 362,1 357,3 525,2 245,2 445,1 1,1
438,2 361,2 425,2 423,3 357,2 358,2 360,2 2,2
438,2 342,1 425,2 351,2 424,2 357,3 360,2 2,2
438,2 361,2 354,2 351,2 357,1 362,1 0,0 1,1
438,2 342,1 476,1 357,1 360,1 445,1 353,1 2,2
438,2 361,1 342,1 341,1 525,2 360,1 357,1 4,4
438,2 361,1 354,1 425,3 359,2 557,1 357,2 1,1
438,2 361,2 354,3 445,1 362,1 430,1 357,2 1,1
438,2 475,1 365,1 341,2 359,2 458,2 141,1 1,1
553,1 340,3 354,3 357,3 359,2 341,2 351,1 2,2
438,2 366,1 342,1 353,3 357,1 361,2 362,1 1,1
438,2 361,2 425,2 423,1 357,3 358,2 360,2 2,2
438,2 361,1 425,3 423,2 357,2 358,2 360,1 1,1
438,2 361,2 425,3 423,2 357,2 358,2 360,2 1,1
438,2 475,1 357,1 458,2 341,2 445,1 351,2 1,1
438,2 361,2 425,2 423,3 357,3 358,2 360,2 1,1
438,2 342,1 425,2 351,2 353,3 357,3 360,2 1,1
438,2 361,1 425,2 423,2 357,3 358,2 360,2 2,2
438,2 361,1 425,2 423,2 357,2 358,2 360,1 1,1
553,1 432,1 365,1 458,2 357,3 424,3 364,2 1,1
235,1 342,1 476,3 256,1 525,2 358,2 424,3 1,1
438,2 342,1 476,1 351,2 242,1 357,3 359,1 2,2
438,2 361,1 524,1 195,1 357,2 525,2 360,1 1,1
438,2 453,2 361,1 340,3 357,2 354,2 360,2 1,1
438,1 340,1 524,1 522,1 426,1 523,1 525,1 1,1
438,2 361,1 425,3 423,3 357,2 358,2 360,1 1,1
438,2 361,1 425,1 423,2 357,2 358,2 360,1 1,1
438,2 361,2 342,1 357,3 360,1 525,1 358,2 4,4
438,2 361,2 476,3 365,1 364,2 357,3 362,2 1,1
438,1 361,1 354,1 357,1 360,1 423,1 195,1 1,1
438,2 361,1 425,2 423,2 357,2 358,1 360,2 1,1
438,2 361,2 365,1 357,2 458,2 362,2 525,1 1,1
438,2 475,3 354,3 351,1 357,3 458,1 445,1 2,2
553,1 361,2 524,2 525,2 351,2 357,3 0,0 2,2
553,1 361,2 354,3 357,3 351,2 525,1 360,2 1,1
438,2 256,1 342,1 351,1 458,2 357,2 445,1 1,1
438,2 256,1 342,1 351,2 458,2 357,3 445,1 1,1
438,2 256,1 342,1 351,1 458,2 357,3 445,1 1,1
553,1 361,2 354,3 357,3 351,1 362,1 445,1 1,1
438,2 361,1 342,1 357,1 360,2 525,1 139,1 1,1
438,2 361,2 428,1 357,3 525,2 362,1 445,1 1,1
438,2 361,2 342,1 357,3 360,1 525,2 358,2 2,2
438,2 342,1 542,1 341,1 359,2 360,2 361,2 1,1
438,2 365,1 423,1 354,3 357,3 138,1 340,3 1,1
438,2 342,1 357,2 351,2 525,2 360,1 445,1 1,1
438,2 361,2 354,3 357,3 523,1 542,1 362,1 1,1
553,1 361,2 357,3 351,2 525,1 360,2 445,1 1,1
438,2 342,1 357,2 351,2 525,2 360,2 445,1 4,4
438,2 342,1 425,1 351,2 424,3 357,3 360,2 2,2
438,2 361,2 357,3 362,2 542,1 526,1 445,1 1,1
438,2 361,1 342,1 357,2 360,2 445,1 353,1 1,1
438,2 361,2 362,1 357,3 525,1 445,1 245,1 2,2
438,2 140,1 357,3 458,2 351,2 242,1 361,1 1,1
438,2 353,3 354,3 357,3 525,2 361,1 362,2 1,1
553,1 432,1 362,1 359,1 429,1 352,1 496,2 1,1
438,2 361,2 342,1 341,2 525,1 360,2 357,3 1,1
438,2 361,2 342,1 357,3 360,2 525,2 139,1 1,1
258,2 361,2 478,1 341,2 477,1 357,2 525,1 1,1
438,2 342,1 351,1 256,1 357,2 458,1 445,1 1,1
438,2 342,1 495,1 426,3 458,2 256,1 360,2 1,1
438,2 361,2 342,1 525,2 351,1 445,1 357,3 1,1
438,2 361,2 356,3 362,1 357,3 351,2 359,2 2,2
438,2 342,1 351,2 256,1 357,2 458,2 445,1 1,1
438,2 525,1 342,1 351,1 357,3 360,2 445,1 1,1
438,2 342,1 425,1 357,3 351,2 356,3 366,1 1,1
438,2 342,1 425,3 357,3 351,2 356,3 366,1 1,1
438,2 361,2 353,3 354,3 359,2 357,3 362,1 1,1
258,2 361,2 477,1 362,1 357,2 525,1 360,1 1,1
438,2 361,2 357,3 351,2 364,1 358,2 445,1 1,1
438,2 475,1 361,2 357,3 341,1 358,2 431,2 1,1
553,1 340,3 354,3 357,3 359,1 341,2 351,1 1,1
258,2 144,1 357,3 477,2 230,2 351,2 365,1 1,1
438,2 361,1 524,1 429,2 357,3 525,1 360,1 2,2
438,2 361,1 359,1 357,3 423,2 360,1 445,1 1,1
438,1 342,1 354,1 360,1 525,1 341,1 362,1 1,1
145,1 342,1 357,1 358,1 360,1 525,1 361,1 1,1
438,1 365,1 342,1 424,1 341,1 351,1 445,1 1,1
438,2 508,1 542,1 242,1 351,2 341,2 141,1 1,1
438,2 342,1 357,3 341,2 351,2 365,1 0,0 1,1
438,2 361,2 342,1 357,3 360,2 525,1 139,1 1,1
438,2 361,2 340,3 357,3 351,2 362,1 445,1 1,1
438,2 342,1 476,2 357,2 351,1 361,2 362,1 1,1
449,1 475,2 361,2 476,3 357,3 138,3 429,1 1,1
438,2 342,1 476,2 357,1 360,1 445,1 353,1 1,1
438,2 340,3 453,3 361,2 357,3 341,2 360,2 1,1
438,2 342,1 542,2 357,3 360,2 525,1 361,2 1,1
438,2 361,2 354,3 138,2 135,2 357,1 362,2 1,1
438,1 361,1 342,1 525,1 357,1 360,1 351,1 1,1
438,2 361,1 524,1 357,2 362,1 525,2 360,2 1,1
438,2 361,2 476,3 362,2 357,3 523,1 353,3 1,1
438,2 430,1 478,1 496,1 477,1 361,2 426,1 1,1
438,2 361,2 342,1 357,3 358,2 351,2 360,2 5,5
553,1 361,1 524,1 525,1 351,1 357,3 0,0 2,2
438,1 361,1 357,1 351,1 430,1 423,1 366,1 1,1
145,1 453,1 0,0 0,0 0,0 0,0 0,0 4,4
438,2 475,3 354,3 351,2 357,3 525,2 445,1 1,1
438,2 140,1 357,3 458,2 242,1 363,1 341,2 1,1
438,2 361,2 362,1 357,3 525,1 245,2 445,1 2,2
438,2 361,2 357,3 523,1 360,1 366,1 362,1 1,1
438,2 342,1 542,1 357,3 360,2 525,1 361,1 1,1
438,2 361,2 426,3 354,1 357,3 138,3 445,1 1,1
145,1 349,1 453,1 0,0 0,0 0,0 0,0 2,2
438,2 361,1 342,1 359,1 357,1 358,1 360,1 1,1
438,2 361,1 524,2 357,3 362,1 525,1 360,1 1,1
438,2 361,2 342,1 357,3 360,2 445,1 353,3 1,1
438,1 190,1 544,1 136,1 137,1 135,1 194,1 1,1
438,1 356,1 140,1 526,1 355,1 360,1 139,1 1,1
553,1 361,1 476,1 357,1 351,2 363,2 557,1 1,1
438,1 342,1 353,1 357,1 361,1 362,1 366,1 1,1
438,2 361,1 342,1 341,1 525,1 360,2 357,1 1,1
438,1 342,1 362,1 357,1 458,1 351,1 0,0 1,1
438,2 342,1 476,1 357,3 351,2 361,2 362,2 1,1
145,1 527,1 542,1 0,0 0,0 0,0 0,0 1,1
438,2 361,2 542,2 359,2 525,2 360,2 358,2 1,1
438,2 425,1 360,1 354,1 138,1 359,1 357,3 1,1
449,1 361,2 476,2 365,1 357,3 359,2 362,1 1,1
438,2 361,2 342,1 357,3 360,2 525,1 358,1 2,2
438,2 361,2 425,3 423,3 357,2 358,2 360,2 1,1
548,1 349,1 453,1 543,1 526,1 527,1 340,1 1,1
258,1 285,1 354,1 341,1 458,1 357,1 242,1 1,1
145,1 544,1 453,1 0,0 0,0 0,0 0,0 1,1
438,2 340,3 361,2 453,3 357,3 354,3 360,2 1,1
145,2 361,1 425,2 354,3 423,1 360,2 363,2 1,1
438,2 361,2 342,1 341,1 525,2 360,1 357,3 1,1
438,2 361,2 354,3 357,3 358,2 360,2 353,3 1,1
438,2 361,2 340,3 476,1 430,2 357,3 362,2 1,1
438,2 361,2 342,1 357,2 525,1 360,2 458,1 1,1
438,2 361,2 524,1 429,1 357,3 525,1 360,2 1,1
438,2 342,1 351,1 256,1 357,3 458,1 445,1 1,1
438,2 361,2 542,1 523,1 357,1 358,2 360,2 1,1
438,2 342,1 357,1 358,1 525,1 360,1 445,1 1,1
438,2 361,1 342,1 341,1 525,2 360,2 357,1 1,1
449,1 361,2 524,1 557,1 541,2 143,2 144,1 1,1
438,2 361,1 542,2 523,1 357,1 358,1 360,1 1,1
438,2 342,1 354,3 445,1 357,3 525,2 361,2 1,1
438,2 361,2 524,1 357,3 362,1 525,1 360,2 3,3
438,2 361,2 342,1 341,1 525,2 360,2 357,2 1,1
438,2 361,2 342,1 341,1 525,2 360,1 357,1 2,2
438,2 361,1 342,1 357,3 358,1 351,2 360,1 1,1
438,2 361,1 342,1 357,3 358,1 351,2 360,2 1,1
438,2 361,2 342,1 357,3 360,1 525,1 358,1 1,1
438,2 342,1 350,2 357,3 525,2 458,2 362,2 1,1
145,1 543,1 525,1 526,1 0,0 0,0 0,0 1,1
553,1 361,1 524,1 525,2 341,2 357,1 360,1 1,1
438,1 361,1 349,1 354,1 360,1 357,1 362,1 1,1
438,2 361,1 340,2 341,1 525,1 360,1 195,1 1,1
438,2 361,2 342,1 341,1 525,2 360,2 357,3 1,1
438,2 342,1 476,3 351,2 242,3 357,3 359,2 18,19
438,2 342,1 476,3 351,2 242,3 357,2 359,2 13,14
438,2 342,1 357,2 351,1 525,1 360,1 445,1 12,13
438,2 342,1 476,3 351,2 242,2 357,3 359,2 8,9
438,2 475,3 354,3 351,2 357,3 458,2 445,1 32,36
553,1 361,2 354,3 357,3 525,1 445,1 362,1 16,18
438,2 361,1 342,1 357,2 360,2 525,2 358,2 7,8
438,2 361,2 425,3 357,3 138,1 360,2 362,1 7,8
438,2 361,2 342,1 357,2 360,2 525,1 139,2 7,8
438,2 342,1 357,3 351,1 525,1 360,2 445,1 34,39
438,2 342,1 524,1 525,2 357,3 445,1 351,2 6,7
438,2 342,1 542,1 341,2 525,1 360,1 350,2 6,7
438,2 342,1 354,3 351,2 357,3 445,1 360,2 6,7
438,2 475,1 354,3 351,2 357,3 458,1 445,1 6,7
438,2 342,1 542,2 341,2 525,2 360,1 350,2 5,6
438,2 342,1 476,3 357,3 351,1 361,2 362,1 5,6
438,1 361,1 425,1 357,1 138,1 360,1 445,1 5,6
438,2 342,1 354,3 341,2 357,3 362,1 445,1 32,39
438,2 342,1 357,2 351,1 525,2 360,1 445,1 9,11
438,2 342,1 476,3 351,2 242,3 357,3 359,1 9,11
438,2 342,1 357,3 351,1 525,2 360,1 445,1 9,11
438,1 342,1 351,1 256,1 357,1 458,1 445,1 31,38
438,2 361,1 524,1 357,3 362,1 525,2 360,1 13,16
438,2 342,1 357,3 351,2 525,2 360,2 445,1 17,21
438,2 361,2 342,1 525,1 351,2 445,1 357,3 4,5
438,2 342,1 425,3 351,1 424,3 357,3 360,2 4,5
438,2 475,3 354,3 351,2 357,3 458,1 445,1 4,5
438,2 361,1 425,2 423,2 357,2 358,2 360,2 4,5
438,2 140,1 365,1 366,1 357,3 362,1 445,1 4,5
438,2 361,1 342,1 357,2 360,1 525,1 139,1 4,5
438,2 361,1 425,2 423,1 357,3 358,2 360,2 4,5
553,1 342,1 453,3 354,3 357,3 445,1 351,1 61,79
553,1 342,1 453,3 354,3 357,3 445,1 351,2 16,21
438,2 361,1 342,1 357,3 358,2 351,2 360,1 15,20
438,2 342,1 357,3 351,1 363,1 445,1 361,2 3,4
438,2 342,1 524,1 525,1 357,3 445,1 351,2 6,8
438,2 342,1 476,3 351,2 242,3 357,1 359,1 3,4
438,2 342,1 476,2 351,2 242,3 357,3 359,2 3,4
438,2 342,1 476,2 351,2 242,3 357,2 359,2 3,4
438,2 361,2 524,1 357,3 525,2 445,1 362,1 3,4
438,2 361,2 523,1 194,2 525,1 360,2 358,2 3,4
438,1 542,1 342,1 341,1 525,1 360,1 350,1 6,8
438,2 342,1 542,1 357,3 360,2 525,1 361,2 3,4
438,2 361,1 342,1 357,1 542,1 360,1 525,2 9,12
438,2 342,1 425,3 351,2 424,3 357,3 360,2 12,16
438,2 361,1 524,1 429,1 357,2 525,1 360,1 3,4
438,2 361,2 524,1 357,3 362,1 525,2 360,2 3,4
438,2 361,2 523,1 194,1 525,1 360,2 358,2 11,15
438,2 361,1 342,1 341,1 525,1 360,1 357,3 11,15
438,2 342,1 357,3 351,2 525,1 360,1 445,1 13,18
438,2 342,1 357,3 351,2 525,1 360,2 445,1 31,43
438,2 361,2 342,1 357,3 360,2 525,1 358,2 53,74
438,2 475,2 354,3 351,2 357,3 458,2 445,1 10,14
438,2 361,1 342,1 357,1 360,2 525,1 358,2 5,7
438,1 361,1 425,1 191,1 357,1 423,1 360,1 5,7
438,1 361,1 140,1 425,1 357,1 138,1 360,1 10,14
438,2 342,1 354,3 341,2 357,3 445,1 361,2 5,7
438,2 342,1 357,3 351,1 525,1 360,1 445,1 14,20
438,2 361,1 342,1 357,3 358,2 351,2 360,2 7,10
438,2 361,2 342,1 341,2 525,2 360,2 357,2 9,13
438,2 361,1 342,1 341,2 525,2 360,2 357,3 18,26
438,2 475,3 354,3 351,1 357,3 458,2 445,1 13,19
438,2 361,2 354,3 242,3 525,1 357,3 544,3 2,3
438,1 361,1 425,1 354,1 357,1 195,1 360,1 2,3
438,2 361,2 342,1 351,2 357,3 525,1 360,2 2,3
438,2 342,1 341,2 359,2 525,1 357,3 427,2 2,3
438,2 361,1 342,1 357,3 542,1 360,2 525,2 2,3
438,2 361,1 342,1 357,3 360,2 525,1 358,1 4,6
438,2 361,1 342,1 341,1 525,1 360,1 357,2 4,6
438,2 361,1 425,2 423,1 357,2 358,2 360,1 2,3
438,1 524,1 341,1 523,1 525,1 357,1 541,1 2,3
438,2 342,1 425,3 351,2 357,3 453,3 361,2 2,3
438,2 342,1 476,2 351,2 242,3 357,2 359,1 2,3
438,2 432,1 342,1 354,3 362,1 357,3 364,1 2,3
438,2 342,1 542,2 341,2 525,2 360,2 350,2 2,3
438,2 475,2 357,1 458,2 341,2 445,1 351,2 2,3
438,2 342,1 476,2 351,2 242,3 357,3 359,1 2,3
553,1 432,1 448,1 351,1 429,1 242,1 139,1 2,3
438,2 342,1 476,3 351,2 242,3 357,2 359,1 10,15
438,1 342,1 362,1 357,1 341,1 458,1 360,1 4,6
438,2 342,1 476,1 357,3 351,2 361,2 362,1 2,3
438,2 361,1 342,1 357,1 360,2 445,1 353,3 2,3
438,2 475,2 354,3 351,1 357,3 458,2 445,1 4,6
438,2 342,1 425,3 351,2 424,1 357,2 360,1 6,9
438,2 342,1 357,1 351,1 525,1 360,1 445,1 2,3
438,2 361,2 342,1 357,3 360,1 525,1 139,2 2,3
438,2 361,1 342,1 341,2 525,1 360,1 357,3 8,12
438,2 361,1 354,3 445,1 357,3 351,2 353,3 2,3
438,2 361,1 342,1 357,3 542,2 360,2 525,2 16,24
438,1 190,1 138,1 354,1 360,1 427,1 543,1 2,3
438,2 361,1 342,1 357,3 360,2 525,1 358,2 13,20
438,2 361,1 342,1 341,1 525,1 360,1 357,1 13,20
438,1 361,1 542,1 523,1 357,1 358,1 360,1 37,58
553,1 432,1 362,1 359,2 429,1 430,1 341,2 12,19
438,2 361,2 342,1 357,3 360,2 525,1 139,2 10,16
438,2 361,1 342,1 357,3 542,1 360,1 525,2 5,8
438,2 361,1 342,1 341,2 525,1 360,2 357,2 5,8
438,2 361,1 342,1 357,2 542,1 360,2 525,2 5,8
438,2 361,1 342,1 357,1 542,1 360,1 525,1 5,8
145,1 361,1 425,1 354,1 423,1 360,1 195,1 10,16
438,2 361,1 342,1 357,1 360,1 525,1 139,1 5,8
438,2 361,1 342,1 341,2 525,2 360,1 357,3 24,39
438,2 361,1 342,1 341,2 525,2 360,2 357,2 8,13
438,2 342,1 425,2 351,2 424,2 357,2 360,1 3,5
438,2 361,1 342,1 357,3 360,1 525,1 139,1 3,5
438,1 361,1 542,1 357,1 523,1 358,1 360,1 6,10
438,2 361,1 425,1 354,1 341,2 357,3 360,1 3,5
438,2 342,1 542,2 341,1 525,1 360,1 350,2 3,5
438,1 342,1 476,1 351,1 242,1 357,1 359,1 3,5
438,2 361,1 425,3 354,2 341,2 357,3 360,1 3,5
145,1 543,1 525,1 544,1 526,1 527,1 0,0 3,5
438,2 361,2 342,1 357,3 360,2 525,2 358,2 34,57
438,2 361,2 425,3 354,3 341,2 357,3 360,2 22,37
438,1 361,1 342,1 357,1 360,1 525,1 139,1 308,521
438,2 361,1 425,3 423,2 357,3 358,2 360,2 7,12
438,1 342,1 357,1 351,1 525,1 360,1 445,1 75,129
438,2 361,1 425,1 354,3 341,2 357,1 360,1 4,7
438,2 361,2 342,1 357,2 542,2 360,2 525,2 4,7
438,2 361,1 342,1 341,1 525,2 360,1 357,3 16,28
438,2 361,1 342,1 357,2 542,2 360,2 525,2 15,27
438,1 542,1 342,1 341,1 525,1 360,1 361,1 5,9
438,1 361,1 453,1 425,1 360,1 525,1 357,1 5,9
438,2 361,1 342,1 357,2 542,1 360,1 525,2 5,9
438,2 361,1 342,1 341,2 525,1 360,2 357,3 5,9
438,2 361,1 425,3 423,3 357,2 358,2 360,2 10,18
438,1 361,1 524,1 357,1 362,1 525,1 360,1 65,117
438,2 342,1 476,3 357,2 351,2 361,2 362,1 5,9
438,1 361,1 342,1 357,1 358,1 351,1 360,1 153,277
438,2 361,2 523,1 194,1 525,2 360,2 358,2 16,29
438,2 342,1 357,2 351,1 525,1 360,2 445,1 24,44
438,2 361,1 425,1 354,3 341,2 357,2 360,1 6,11
438,1 361,1 524,1 357,1 196,1 525,1 360,1 6,11
438,1 342,1 542,1 341,1 525,1 360,1 350,1 140,265
438,1 361,1 342,1 357,1 542,1 360,1 525,1 47,90
438,1 361,1 342,1 341,1 525,1 360,1 357,1 179,343
438,1 361,1 524,1 423,1 525,1 360,1 195,1 16,31
438,2 342,1 362,1 357,3 341,2 458,1 360,2 23,45
438,1 361,1 524,1 423,1 525,1 360,1 357,1 15,30
438,2 361,2 425,2 354,3 341,2 357,3 360,1 1,2
438,1 361,1 524,1 357,1 525,1 360,1 195,1 15,30
145,1 544,1 526,1 453,1 0,0 0,0 0,0 1,2
438,2 361,1 359,1 357,3 423,1 360,1 445,1 2,4
438,1 361,1 354,1 357,1 364,1 351,1 362,1 1,2
553,1 340,3 354,2 357,1 359,2 341,2 351,2 1,2
438,2 361,2 425,3 351,1 362,1 445,1 357,3 3,6
438,2 342,1 357,2 351,2 525,1 360,2 445,1 11,22
438,1 361,1 425,1 341,1 195,1 525,1 360,1 4,8
145,1 349,1 543,1 526,1 453,1 0,0 0,0 1,2
438,1 361,1 523,1 341,1 458,1 357,1 525,1 7,14
438,1 524,1 341,1 523,1 525,1 357,1 195,1 1,2
438,1 136,1 425,1 140,1 360,1 195,1 192,1 1,2
438,1 361,1 524,1 357,1 195,1 525,1 360,1 8,16
438,1 361,1 425,1 355,1 194,1 196,1 360,1 1,2
438,2 342,1 357,2 351,1 525,2 360,2 445,1 6,12
438,1 361,1 341,1 358,1 525,1 523,1 360,1 2,4
548,1 544,1 543,1 542,1 525,1 527,1 526,1 1,2
438,2 361,1 524,1 429,1 357,3 525,1 360,2 1,2
438,1 361,1 524,1 341,1 357,1 525,1 360,1 7,14
145,1 349,1 526,1 453,1 0,0 0,0 0,0 1,2
548,1 361,1 342,1 359,1 357,1 358,1 360,1 1,2
438,2 361,2 425,3 423,1 357,2 358,2 360,2 1,2
438,1 361,1 524,1 425,1 357,1 351,1 360,1 1,2
438,2 361,1 342,1 357,2 542,2 360,1 525,2 8,16
438,2 361,2 476,3 477,1 357,3 351,2 426,3 1,2
438,2 342,1 357,3 351,2 341,2 360,1 361,1 1,2
438,2 361,1 445,1 359,1 357,3 358,1 360,1 1,2
438,2 361,1 523,1 341,1 458,1 357,1 525,1 1,2
438,2 342,1 476,3 357,3 351,2 361,2 362,1 1,2
438,2 342,1 341,2 357,3 351,2 362,1 0,0 1,2
438,2 361,1 523,1 139,1 525,1 360,2 358,1 1,2
438,2 361,1 342,1 357,2 360,2 525,1 139,1 1,2
438,1 256,1 342,1 351,1 458,1 357,1 445,1 1,2
438,2 342,1 542,1 357,2 341,1 360,1 361,2 1,2
438,2 361,2 342,1 525,2 351,2 445,1 357,3 1,2
438,1 361,1 341,1 525,1 354,1 522,1 524,1 6,12
438,2 361,2 354,3 357,3 364,2 351,2 362,2 1,2
438,2 361,1 524,1 429,1 357,3 525,2 360,2 1,2
438,1 140,1 361,1 141,1 359,1 429,1 360,1 1,2
438,2 475,1 354,3 351,1 357,3 458,1 445,1 1,2
438,2 361,1 425,1 354,1 341,2 357,2 360,2 1,2
438,2 340,3 453,1 361,2 357,3 341,2 360,2 1,2
438,2 342,1 542,1 357,3 341,2 360,1 361,2 1,2
438,2 425,2 360,1 354,3 138,1 359,2 357,3 1,2
438,2 361,1 425,2 423,1 357,2 358,1 360,2 1,2
438,2 361,1 354,3 425,3 360,2 359,2 357,3 1,2
438,2 361,2 342,1 357,1 360,2 525,1 358,1 1,2
438,1 361,1 524,1 357,1 458,1 350,1 525,1 2,4
438,2 361,2 342,1 357,1 360,2 525,1 358,2 1,2
438,1 361,1 342,1 357,1 360,1 445,1 353,1 14,28
438,2 342,1 425,2 351,2 424,3 357,2 360,1 1,2
438,1 361,1 354,1 357,1 195,1 525,1 360,1 4,8
438,1 361,1 357,1 541,1 245,1 362,1 360,1 1,2
438,2 342,1 542,2 341,1 525,1 360,2 350,2 1,2
438,2 361,1 342,1 357,2 542,2 360,2 525,1 1,2
438,2 342,1 542,1 341,2 525,2 360,1 350,1 1,2
438,2 361,1 342,1 341,1 525,2 360,1 357,2 1,2
553,1 361,2 542,2 357,3 525,1 445,1 360,2 1,2
438,2 342,1 476,3 351,2 242,2 357,3 359,1 1,2
438,2 342,1 542,1 341,2 525,1 360,1 350,1 1,2
548,2 432,1 362,1 359,2 429,1 430,1 341,2 4,8
438,2 361,2 242,1 429,1 341,2 350,2 525,1 1,2
438,2 342,1 357,3 351,2 341,2 360,2 361,1 1,2
438,2 342,1 542,2 341,1 525,2 360,1 350,2 1,2
438,2 361,1 354,3 525,1 351,2 357,2 541,1 1,2
438,2 341,1 354,3 357,2 360,2 361,1 425,2 1,2
438,2 361,2 429,1 341,2 242,1 525,1 350,2 1,2
438,2 361,1 425,2 354,1 341,2 357,2 360,1 1,2
438,2 361,2 523,1 194,2 525,2 360,2 358,2 1,2
438,2 342,1 476,3 351,2 242,3 357,1 359,2 2,4
438,2 342,1 524,2 525,1 357,3 445,1 351,2 1,2
438,2 342,1 354,3 351,1 357,3 445,1 360,2 1,2
548,1 361,1 495,1 362,1 428,1 359,1 349,1 1,2
438,2 361,1 342,1 357,2 542,1 360,2 525,1 4,8
438,1 140,1 137,1 527,1 138,1 426,1 360,1 1,2
438,2 342,1 476,3 357,3 360,2 445,1 353,3 1,2
438,2 361,1 342,1 341,2 525,1 360,1 357,1 4,8
438,1 342,1 354,1 341,1 357,1 445,1 361,1 1,2
438,2 361,2 476,3 365,1 359,2 358,2 445,1 1,2
438,2 361,1 342,1 357,3 360,2 525,2 358,2 3,6
438,1 361,1 355,1 453,1 340,1 357,1 360,1 1,2
438,2 361,2 425,1 423,1 357,3 358,2 360,1 1,2
438,2 361,2 425,1 423,1 357,3 358,1 360,2 1,2
438,2 342,1 357,3 351,2 525,2 360,1 445,1 1,2
438,2 361,1 425,2 423,1 357,3 358,2 360,1 2,4
553,1 361,1 476,1 477,1 458,1 357,2 354,3 1,2
438,2 361,1 359,2 357,3 423,3 360,1 445,1 1,2
438,2 475,1 354,3 351,2 357,3 525,1 445,1 1,2
438,2 342,1 357,3 351,2 341,2 360,2 361,2 3,6
438,2 342,1 362,1 357,3 341,2 458,2 360,2 1,2
438,2 361,1 425,1 354,1 341,2 357,1 360,1 5,10
438,2 525,1 342,1 351,1 357,2 360,2 445,1 1,2
438,2 342,1 425,3 359,2 448,1 341,2 360,2 1,2
438,2 453,1 340,3 361,2 357,3 354,3 360,2 1,2
438,1 140,1 424,1 358,1 195,1 543,1 427,1 1,2
438,1 356,1 140,1 136,1 429,1 359,1 525,1 1,2
438,1 353,1 361,1 190,1 356,1 195,1 427,1 1,2
145,1 543,1 525,1 542,1 544,1 527,1 526,1 1,2
438,1 353,1 190,1 356,1 135,1 359,1 429,1 1,2
438,2 361,1 425,1 354,3 341,2 357,1 360,2 2,4
438,2 361,2 342,1 357,3 360,2 525,2 139,2 4,8
438,1 136,1 527,1 193,1 135,1 192,1 423,1 1,2
438,2 361,1 342,1 341,1 525,1 360,2 357,3 2,4
438,2 361,1 425,2 354,3 341,2 357,1 360,2 1,2
145,1 349,1 527,1 453,1 0,0 0,0 0,0 1,2
438,1 140,1 355,1 138,1 357,1 360,1 195,1 1,2
438,2 361,1 524,1 429,2 357,2 525,1 360,2 1,2
438,1 342,1 476,1 357,1 351,1 361,1 362,1 40,82
438,1 361,1 523,1 139,1 525,1 360,1 358,1 52,107
438,1 361,1 140,1 423,1 525,1 360,1 139,1 26,54
438,1 361,1 425,1 341,1 423,1 525,1 360,1 12,25
438,2 361,1 425,3 423,3 357,3 358,2 360,2 9,19
438,1 361,1 342,1 359,1 357,1 358,1 360,1 8,17
438,2 361,1 342,1 341,2 525,1 360,1 357,2 7,15
438,1 342,1 542,1 357,1 360,1 525,1 361,1 26,56
438,1 361,1 342,1 359,1 525,1 360,1 357,1 19,41
438,1 361,1 524,1 423,1 525,1 195,1 360,1 6,13
438,2 342,1 357,3 351,1 525,2 360,2 445,1 6,13
438,2 361,1 342,1 357,1 360,2 525,1 358,1 5,11
438,2 361,1 425,3 423,1 357,3 358,2 360,2 10,22
438,1 190,1 140,1 360,1 427,1 423,1 139,1 24,53
438,1 361,1 425,1 357,1 195,1 525,1 360,1 38,85
438,1 361,1 425,1 453,1 525,1 360,1 195,1 8,18
438,2 361,2 354,3 357,3 360,2 423,3 430,2 4,9
438,1 361,1 425,1 351,1 362,1 445,1 357,1 4,9
438,2 361,2 425,2 354,3 341,2 357,2 360,2 13,30
438,1 361,1 342,1 357,1 360,1 525,1 358,1 28,65
438,2 361,2 342,1 357,2 360,2 525,2 139,2 3,7
438,1 361,1 342,1 357,1 341,1 358,1 360,1 33,77
438,2 342,1 542,2 341,2 525,1 360,2 350,2 3,7
438,2 361,1 342,1 357,2 360,2 525,1 358,1 6,14
438,2 361,1 524,1 429,1 357,3 525,1 360,1 3,7
438,2 361,2 354,3 445,1 357,3 351,2 353,3 3,7
438,2 342,1 458,2 363,1 341,2 357,3 361,2 3,7
438,1 361,1 524,1 195,1 357,1 525,1 360,1 28,66
438,2 361,1 342,1 357,3 360,1 525,2 139,1 11,26
145,1 361,1 425,1 525,1 357,1 192,1 360,1 8,19
438,1 361,1 425,1 354,1 360,1 525,1 423,1 416,994
438,1 361,1 425,1 195,1 525,1 360,1 357,1 41,98
438,1 361,1 523,1 194,1 525,1 360,1 358,1 57,138
438,1 361,1 342,1 357,1 525,1 360,1 458,1 14,34
438,1 342,1 542,1 357,1 341,1 360,1 361,1 16,39
438,1 361,1 524,1 357,1 525,1 360,1 541,1 15,37
438,1 361,1 342,1 542,1 525,1 360,1 357,1 6,15
438,2 361,1 524,2 357,3 362,1 525,2 360,1 2,5
438,1 342,1 341,1 525,1 360,1 429,1 350,1 2,5
438,1 361,1 357,1 542,1 523,1 360,1 141,1 2,5
438,2 361,1 425,2 354,3 341,2 357,1 360,1 2,5
438,1 361,1 425,1 357,1 195,1 139,1 360,1 2,5
438,2 361,1 425,3 423,2 357,2 358,2 360,2 4,10
438,1 361,1 524,1 429,1 525,1 360,1 357,1 4,10
438,2 361,1 425,1 423,1 357,2 358,2 360,2 2,5
438,2 361,1 342,1 357,3 542,1 360,1 525,1 2,5
438,1 342,1 341,1 525,1 360,1 424,1 350,1 2,5
438,2 361,1 342,1 357,2 360,2 525,1 358,2 14,35
438,2 361,1 523,1 139,1 525,1 360,1 358,1 2,5
438,1 342,1 357,1 351,1 341,1 360,1 361,1 6,15
438,2 475,3 357,2 458,2 341,2 445,1 351,2 10,25
438,2 342,1 357,3 351,1 363,2 445,1 361,2 2,5
438,2 342,1 341,2 357,3 359,2 351,2 358,2 2,5
438,1 361,1 425,1 341,1 429,1 525,1 360,1 2,5
438,1 361,1 524,1 360,1 541,1 525,1 357,1 2,5
438,2 361,2 342,1 341,2 525,2 360,2 357,3 2,5
438,2 361,1 425,3 354,3 341,2 357,2 360,2 17,44
438,1 361,1 425,1 423,1 525,1 341,1 360,1 5,13
438,2 361,2 425,3 354,3 341,2 357,2 360,2 14,37
438,1 361,1 524,1 357,1 525,1 360,1 423,1 3,8
438,1 361,1 342,1 341,1 360,1 525,1 357,1 6,16
438,2 361,1 425,3 354,2 341,2 357,3 360,2 3,8
438,1 140,1 361,1 355,1 357,1 359,1 360,1 7,19
438,1 361,1 140,1 360,1 195,1 357,1 139,1 15,41
438,2 361,1 140,1 354,3 360,2 195,1 357,3 9,25
438,2 361,1 425,2 354,3 341,2 357,3 360,2 23,64
438,1 342,1 351,1 361,1 357,1 358,1 360,1 19,53
438,2 361,1 342,1 357,3 542,2 360,1 525,2 5,14
438,1 361,1 524,1 357,1 541,1 525,1 360,1 5,14
438,2 361,1 425,3 423,1 357,2 358,2 360,2 5,14
438,2 361,2 425,2 354,3 341,2 357,3 360,2 11,31
438,1 342,1 542,1 341,1 525,1 360,1 361,1 6,17
438,2 361,1 425,2 354,3 341,2 357,3 360,1 9,26
438,1 525,1 342,1 458,1 361,1 357,1 360,1 2,6
438,2 361,1 425,3 354,3 341,2 357,3 360,2 12,36
438,2 361,2 542,1 359,2 525,2 360,2 358,2 1,3
553,1 340,3 354,3 357,3 358,2 351,2 353,3 1,3
438,1 342,1 425,1 351,1 424,1 357,1 360,1 2,6
438,1 190,1 544,1 353,1 354,1 358,1 195,1 1,3
438,2 342,1 353,3 357,3 361,2 362,2 0,0 1,3
145,1 349,1 543,1 542,1 340,1 453,1 0,0 1,3
438,2 361,1 524,1 429,2 357,3 525,1 360,2 1,3
438,1 137,1 426,1 194,1 423,1 360,1 542,1 1,3
438,2 361,1 140,1 354,3 360,1 195,1 357,1 1,3
438,1 361,1 355,1 360,1 542,1 196,1 195,1 1,3
438,2 425,1 361,1 423,1 357,1 358,1 360,1 1,3
438,1 190,1 191,1 355,1 359,1 429,1 423,1 1,3
438,1 361,1 357,1 525,1 362,1 360,1 192,1 1,3
438,1 353,1 140,1 356,1 139,1 423,1 192,1 1,3
438,2 361,2 425,3 423,3 357,3 358,2 360,2 1,3
438,1 190,1 425,1 135,1 195,1 192,1 358,1 1,3
438,2 342,1 357,2 351,2 525,1 360,1 445,1 1,3
438,1 342,1 361,1 354,1 357,1 358,1 360,1 1,3
438,2 361,2 425,3 341,2 360,2 430,1 359,2 1,3
438,2 361,1 342,1 357,1 542,2 360,2 525,2 2,6
438,1 361,1 524,1 357,1 192,1 525,1 360,1 1,3
438,2 361,1 140,1 354,3 360,1 195,1 357,3 1,3
438,1 361,1 354,1 357,1 525,1 195,1 360,1 3,9
438,2 342,1 542,1 341,1 525,1 360,1 350,1 1,3
438,2 361,2 357,3 430,1 350,2 423,1 525,1 1,3
145,1 543,1 525,1 351,1 544,1 527,1 526,1 1,3
438,2 361,1 425,1 423,1 357,1 358,2 360,1 1,3
438,2 342,1 476,3 351,2 242,1 357,3 359,1 2,6
438,2 361,1 342,1 357,1 360,1 445,1 353,1 1,3
438,2 361,1 342,1 357,3 542,1 360,2 525,1 1,3
438,1 361,1 425,1 357,1 541,1 195,1 360,1 1,3
438,2 361,1 342,1 357,3 542,2 360,2 525,1 1,3
438,2 361,2 342,1 341,2 351,1 445,1 357,3 1,3
438,1 361,1 425,1 357,1 542,1 192,1 360,1 2,6
438,2 361,1 342,1 357,3 360,1 445,1 353,3 1,3
438,1 342,1 341,1 429,1 525,1 360,1 458,1 1,3
438,2 140,1 365,1 366,1 357,3 362,2 445,1 1,3
438,2 361,2 242,1 429,1 458,1 525,1 350,2 1,3
438,2 361,1 342,1 357,2 542,2 360,1 525,1 2,6
438,2 361,1 342,1 357,2 360,1 445,1 353,3 1,3
438,2 361,1 342,1 357,2 360,2 525,2 358,1 2,6
438,1 432,1 362,1 424,1 429,1 430,1 358,1 1,3
438,2 342,1 425,3 351,2 424,3 357,2 360,1 1,3
438,2 361,2 425,3 423,1 357,3 358,2 360,2 1,3
438,1 453,1 361,1 340,1 357,1 458,1 360,1 2,6
438,2 453,3 340,3 361,2 357,3 354,3 360,2 1,3
438,2 361,1 425,3 354,3 341,2 357,1 360,1 1,3
438,2 361,2 341,2 359,2 525,1 360,2 523,1 1,3
438,2 361,1 140,1 354,3 360,2 195,1 357,2 1,3
438,2 361,2 354,3 445,1 357,3 351,1 353,3 1,3
438,2 361,1 425,2 354,2 341,2 357,3 360,1 1,3
438,2 361,2 342,1 357,3 542,2 360,2 525,2 1,3
438,1 140,1 425,1 356,1 136,1 138,1 358,1 1,3
438,1 428,1 425,1 190,1 135,1 196,1 360,1 1,3
438,2 361,1 354,3 358,2 357,3 445,1 426,3 1,3
438,1 356,1 544,1 137,1 354,1 194,1 427,1 1,3
438,1 361,1 524,1 341,1 525,1 195,1 360,1 3,9
438,1 361,1 138,1 429,1 194,1 196,1 195,1 1,3
438,2 361,1 342,1 341,1 525,2 360,2 357,3 1,3
438,1 361,1 524,1 429,1 357,1 525,1 360,1 13,41
438,1 361,1 425,1 357,1 525,1 195,1 360,1 6,19
438,2 361,1 425,1 354,3 341,2 357,3 360,2 5,16
438,2 361,1 342,1 357,2 542,1 360,1 525,1 4,13
438,2 361,1 425,3 354,3 341,2 357,3 360,1 12,39
438,1 361,1 425,1 354,1 341,1 357,1 360,1 21,69
438,1 361,1 542,1 359,1 354,1 360,1 525,1 3,10
438,1 361,1 523,1 359,1 357,1 358,1 360,1 2,7
145,1 342,1 365,1 351,1 458,1 341,1 445,1 2,7
438,1 361,1 140,1 354,1 360,1 195,1 357,1 9,32
438,2 361,1 425,1 423,1 357,3 358,2 360,1 27,97
438,1 361,1 542,1 359,1 525,1 360,1 358,1 5,18
438,2 361,1 425,2 354,3 341,2 357,2 360,2 22,80
438,2 361,1 425,1 354,3 341,2 357,3 360,1 3,11
438,1 361,1 354,1 525,1 351,1 357,1 541,1 3,11
438,2 342,1 362,1 357,2 341,2 458,1 360,1 3,11
438,2 361,1 425,3 354,3 341,2 357,2 360,1 5,19
438,1 361,1 354,1 357,1 360,1 525,1 423,1 6,23
438,2 361,1 425,2 354,2 341,2 357,3 360,2 2,8
438,2 361,1 425,2 423,3 357,3 358,2 360,2 2,8
438,1 190,1 353,1 135,1 193,1 424,1 543,1 1,4
438,2 361,2 357,3 525,1 362,2 360,2 142,2 1,4
438,1 140,1 525,1 357,1 424,1 360,1 423,1 1,4
438,1 140,1 361,1 357,1 360,1 192,1 359,1 1,4
438,2 353,3 362,2 359,2 350,2 445,1 525,2 1,4
438,1 361,1 354,1 425,1 360,1 525,1 357,1 1,4
438,1 351,1 350,1 543,1 427,1 429,1 358,1 1,4
438,2 361,1 425,3 423,1 357,3 358,2 360,1 2,8
145,1 349,1 543,1 544,1 527,1 453,1 0,0 1,4
438,1 137,1 140,1 356,1 354,1 543,1 196,1 1,4
438,1 341,1 425,1 361,1 354,1 357,1 360,1 8,34
438,1 361,1 425,1 351,1 357,1 423,1 360,1 3,13
438,1 361,1 365,1 357,1 458,1 341,1 362,1 5,22
438,2 342,1 353,3 357,3 361,2 362,2 366,1 2,9
438,2 361,1 425,2 354,3 341,2 357,2 360,1 4,18
438,1 361,1 525,1 425,1 360,1 195,1 357,1 2,9
438,1 140,1 195,1 354,1 357,1 360,1 361,1 2,9
548,1 544,1 527,1 542,1 525,1 526,1 543,1 3,14
438,1 361,1 342,1 357,1 362,1 0,0 0,0 3,14
438,1 342,1 357,1 351,1 458,1 361,1 0,0 1,5
438,1 361,1 354,1 525,1 358,1 360,1 350,1 1,5
438,2 361,2 425,1 354,3 341,2 357,2 360,2 1,5
438,2 361,2 340,3 366,1 351,2 357,3 445,1 1,5
438,1 425,1 361,1 423,1 357,1 358,1 360,1 7,35
438,2 342,1 357,3 351,1 341,2 360,2 361,1 1,5
438,1 361,1 140,1 525,1 357,1 195,1 360,1 3,15
438,2 425,1 360,1 354,3 138,1 359,1 357,3 1,5
548,1 544,1 527,1 543,1 526,1 0,0 0,0 1,5
438,2 361,1 425,1 423,1 357,3 358,2 360,2 1,5
438,2 361,1 425,2 423,1 357,2 358,2 360,2 1,5
438,2 342,1 353,3 357,3 361,2 362,1 366,1 1,5
438,2 361,1 342,1 341,2 525,2 360,1 357,1 1,6
145,1 524,1 543,1 542,1 544,1 527,1 526,1 1,6
438,1 525,1 361,1 354,1 357,1 360,1 423,1 1,7
548,1 453,1 544,1 543,1 542,1 526,1 527,1 1,7
438,2 361,1 342,1 357,2 360,2 445,1 353,3 1,8
438,1 361,1 425,1 423,1 357,1 358,1 360,1 13,108
553,1 340,3 354,3 357,3 358,1 351,1 353,3 1,9
438,2 361,1 425,1 423,1 357,3 358,1 360,1 2,18
548,1 544,1 527,1 542,1 543,1 526,1 0,0 1,9
438,1 140,1 425,1 141,1 192,1 525,1 139,1 2,18
548,1 453,1 544,1 543,1 542,1 526,1 525,1 1,9
438,1 361,1 359,1 357,1 423,1 360,1 445,1 1,10
438,1 361,1 354,1 357,1 360,1 423,1 430,1 8,87
438,2 361,1 425,1 354,3 341,2 357,2 360,2 1,11
548,1 544,1 527,1 543,1 525,1 526,1 0,0 1,14
548,1 544,1 527,1 525,1 526,1 0,0 0,0 1,14
438,2 361,1 425,1 354,3 360,1 525,2 423,1 1,15
438,1 361,1 354,1 357,1 359,1 525,1 358,1 1,19
548,1 453,1 544,1 543,1 542,1 527,1 526,1 2,40
438,1 361,1 357,1 138,1 141,1 358,1 360,1 1,23
438,1 526,1 544,1 353,1 138,1 194,1 427,1 1,23
438,1 341,1 354,1 357,1 360,1 361,1 425,1 16,472
438,2 341,2 354,3 357,2 360,2 361,1 425,3 0,6
438,2 341,2 354,3 357,2 360,2 361,2 425,2 0,1
438,1 361,1 425,1 357,1 542,1 360,1 423,1 0,1
438,2 361,2 242,1 359,2 424,1 423,1 350,2 0,1
438,2 341,2 354,1 357,2 360,1 361,1 425,1 0,1
438,2 341,1 354,3 357,2 360,1 361,1 425,3 0,1
438,2 361,1 425,1 354,1 341,1 357,2 360,1 0,1
438,2 341,2 354,1 357,3 360,1 361,1 425,2 0,1
438,2 341,2 354,3 357,3 360,2 361,1 425,1 0,1
438,2 353,3 358,2 359,2 429,2 543,1 341,2 0,1
438,2 341,2 354,3 357,3 360,1 361,1 425,2 0,3
438,2 341,2 354,1 357,1 360,1 361,1 425,1 0,3
438,2 341,2 354,3 357,3 360,2 361,1 425,2 0,3
438,2 361,1 425,1 354,3 341,1 357,2 360,1 0,1
438,2 341,2 354,2 357,3 360,1 361,1 425,3 0,2
438,2 341,2 354,3 357,2 360,2 361,1 425,2 0,6
438,2 342,1 425,1 351,2 424,3 357,3 360,1 0,1
438,2 341,2 354,1 357,2 360,1 361,1 425,2 0,2
438,2 361,2 429,1 242,1 458,1 350,2 525,1 0,1
438,1 190,1 361,1 544,1 191,1 355,1 194,1 0,1
438,2 341,2 354,1 357,3 360,2 361,1 425,3 0,1
438,2 341,2 354,1 357,2 360,1 361,1 425,3 0,1
438,2 341,2 354,3 357,2 360,1 361,1 425,2 0,6
438,2 341,2 354,3 357,1 360,1 361,1 425,1 0,1
438,1 136,1 428,1 140,1 359,1 358,1 195,1 0,1
438,2 341,2 354,3 357,3 360,1 361,2 425,3 0,1
438,2 361,1 342,1 357,1 358,1 351,1 360,1 0,2
438,2 341,1 354,1 357,1 360,1 361,1 425,1 0,3
438,2 341,2 354,3 357,3 360,1 361,1 425,3 0,4
438,1 190,1 353,1 140,1 135,1 354,1 194,1 0,1
438,2 341,2 354,3 357,2 360,2 361,1 425,1 0,2
438,2 341,2 354,3 357,3 360,2 361,1 425,3 0,4
438,2 341,1 354,3 357,1 360,2 361,1 425,1 0,1
438,2 341,1 354,3 357,3 360,1 361,1 425,1 0,2
438,2 341,2 354,3 357,2 360,1 361,1 425,3 0,3
145,2 353,3 362,1 359,1 429,1 242,1 190,2 0,3
438,1 361,1 355,1 357,1 424,1 354,1 139,1 0,1
438,2 341,1 354,3 357,3 360,1 361,1 425,2 0,1
438,2 341,1 354,3 357,2 360,1 361,1 425,2 0,1
438,2 341,2 354,3 357,3 360,2 361,2 425,3 0,1
438,2 341,2 354,3 357,2 360,1 361,2 425,3 0,1
438,2 341,2 354,3 357,1 360,2 361,1 425,1 0,1
438,2 341,1 354,3 357,1 360,1 361,1 425,1 0,1
438,2 341,2 354,3 357,1 360,2 361,1 425,2 0,1
438,2 341,2 354,2 357,2 360,2 361,1 425,1 0,1
438,2 140,1 425,1 141,1 192,1 525,1 139,1 0,3
438,2 341,1 354,3 357,2 360,1 361,1 425,1 0,3
548,1 361,1 340,1 359,1 357,1 358,1 360,1 0,1
438,1 526,1 544,1 527,1 360,1 427,1 543,1 0,1
438,1 136,1 526,1 527,1 361,1 426,1 195,1 0,2
235,1 361,2 525,2 357,3 351,2 362,2 445,1 0,1
438,2 361,2 341,2 242,1 429,2 525,1 350,2 0,1
548,1 453,1 544,1 543,1 351,1 526,1 525,1 0,2
438,1 351,1 350,1 543,1 458,1 427,1 358,1 0,8
438,2 341,2 354,3 357,2 360,1 361,2 425,2 0,2
438,2 341,1 354,3 357,3 360,2 361,2 425,1 0,1
438,2 526,3 356,1 525,1 139,1 543,3 360,1 0,2
548,2 353,3 462,1 359,2 429,2 242,1 543,2 0,1
438,2 353,3 242,1 430,1 341,2 523,1 525,1 0,1
438,1 353,1 542,1 359,1 429,1 430,1 543,1 0,1
438,2 340,3 430,1 424,3 242,1 525,1 350,2 0,1
438,1 526,1 356,1 525,1 139,1 543,1 360,1 0,5
438,1 190,1 361,1 357,1 359,1 429,1 427,1 0,1
438,2 341,1 425,2 361,1 354,1 357,1 360,1 0,1
438,1 353,1 527,1 356,1 191,1 195,1 139,1 0,1
553,1 353,1 543,2 359,1 429,1 242,1 494,1 0,1
553,1 353,1 544,2 359,1 429,1 242,1 494,1 0,1
438,1 361,1 425,1 357,1 423,1 358,1 360,1 0,1
438,1 135,1 361,1 523,1 357,1 358,1 360,1 0,1
438,2 361,2 357,3 430,1 423,1 525,1 350,2 0,2
438,2 353,3 354,3 359,2 429,2 543,3 341,2 0,1
438,2 341,1 354,1 357,1 360,1 361,1 425,3 0,1
438,2 140,1 425,3 141,1 192,1 525,2 139,1 0,1
548,2 361,2 359,2 242,1 341,2 350,2 542,1 0,1
438,2 353,1 362,1 359,2 350,1 256,1 543,2 0,1
438,2 341,1 354,1 357,3 360,1 361,1 425,2 0,1
438,1 428,1 191,1 426,1 192,1 427,1 543,1 0,1
553,1 542,1 140,1 476,3 525,1 351,2 357,1 0,1
438,2 340,3 524,1 242,1 350,2 525,1 358,2 0,1
438,2 353,3 357,3 359,1 429,1 430,1 543,3 0,1
438,2 361,1 359,2 357,2 423,1 360,1 445,1 0,1
438,1 453,1 340,1 361,1 357,1 354,1 360,1 0,7
438,1 425,1 361,1 357,1 354,1 141,1 194,1 0,2
145,1 140,1 0,0 0,0 0,0 0,0 0,0 0,11
438,2 341,2 425,3 361,1 354,3 357,2 360,2 0,1
548,1 361,1 357,1 341,1 525,1 423,1 350,1 0,1
438,2 353,3 362,1 359,2 429,2 242,1 494,2 0,1
145,2 432,1 458,2 359,2 543,1 358,2 351,2 0,1
438,1 137,1 190,1 425,1 193,1 357,1 139,1 0,2
438,1 353,1 140,1 354,1 357,1 351,1 361,1 0,2
438,1 361,1 342,1 357,1 138,1 360,1 423,1 0,1
438,1 361,1 425,1 357,1 351,1 360,1 423,1 0,1
548,1 353,1 350,1 426,1 543,1 525,1 425,1 0,1
548,2 353,2 448,1 359,1 350,1 242,1 190,1 0,2
548,2 544,3 526,3 525,2 543,3 542,2 541,1 0,1
548,2 361,1 357,1 458,1 525,2 350,2 351,2 0,1
438,2 341,2 425,1 361,1 354,1 357,3 360,1 0,1
438,1 361,1 354,1 242,1 358,1 357,1 0,0 0,1
438,1 137,1 355,1 357,1 139,1 427,1 360,1 0,2
438,2 341,2 354,2 357,3 360,2 361,1 425,1 0,1
438,2 349,3 341,2 242,1 458,1 429,1 350,2 0,1
438,1 526,1 544,1 423,1 427,1 196,1 358,1 0,2
548,2 453,1 544,3 543,2 542,1 526,2 527,3 0,1
145,1 543,1 544,1 527,1 526,1 453,1 0,0 0,1
438,1 190,1 425,1 138,1 194,1 543,1 542,1 0,2
438,2 361,2 458,1 242,1 429,1 350,2 525,1 0,1
438,1 542,1 361,1 523,1 357,1 358,1 360,1 0,1
438,1 544,1 527,1 353,1 355,1 426,1 195,1 0,1
438,1 544,1 190,1 527,1 526,1 425,1 194,1 0,1
548,1 432,1 448,1 351,1 429,1 242,1 341,1 0,2
438,1 544,1 137,1 356,1 355,1 426,1 196,1 0,1
438,1 361,1 425,1 357,1 358,1 360,1 423,1 0,1
438,1 526,1 136,1 527,1 193,1 424,1 427,1 0,1
548,1 544,1 543,1 542,1 525,1 540,1 0,0 0,1
438,1 361,1 524,1 360,1 195,1 525,1 357,1 0,3
438,1 497,1 354,1 139,1 427,1 358,1 199,1 0,1
438,1 361,1 476,1 357,1 525,1 360,1 362,1 0,2
438,2 526,3 356,1 525,1 139,1 543,2 360,1 0,1
438,2 361,1 425,2 354,1 341,2 357,1 360,1 0,1
438,1 140,1 357,1 525,1 360,1 195,1 361,1 0,1
438,2 361,1 140,1 360,1 195,1 357,1 139,1 0,2
438,2 361,2 429,1 242,1 341,2 350,2 525,2 0,1
438,2 361,1 425,1 354,2 341,2 357,3 360,2 0,2
548,1 544,1 540,1 525,1 542,1 543,1 0,0 0,1
438,1 544,1 526,1 527,1 193,1 358,1 195,1 0,1
438,1 544,1 353,1 527,1 425,1 357,1 141,1 0,2
438,1 356,1 425,1 544,1 357,1 359,1 543,1 0,4
438,1 361,1 428,1 355,1 359,1 429,1 423,1 0,1
548,1 353,1 365,1 359,1 429,1 242,1 341,1 0,1
499,2 432,1 362,1 351,2 429,1 430,1 341,3 0,4
438,1 526,1 354,1 359,1 357,1 525,1 425,1 0,1
438,1 140,1 355,1 138,1 135,1 194,1 427,1 0,2
438,1 136,1 361,1 190,1 425,1 524,1 427,1 0,1
438,1 342,1 357,1 341,1 359,1 350,1 360,1 0,1
438,1 342,1 425,1 341,1 357,1 525,1 430,1 0,2
438,1 140,1 526,1 425,1 360,1 192,1 0,0 0,2
438,1 428,1 140,1 361,1 355,1 354,1 139,1 0,3
145,1 349,1 428,1 351,1 424,1 350,1 0,0 0,2
438,1 527,1 190,1 191,1 357,1 525,1 192,1 0,2
438,2 361,2 140,1 354,3 360,2 195,1 357,2 0,1
438,2 432,1 362,2 359,2 429,2 242,1 358,2 0,4
438,1 353,1 190,1 544,1 359,1 543,1 542,1 0,1
438,1 527,1 526,1 190,1 425,1 196,1 542,1 0,1
438,1 361,1 190,1 193,1 138,1 543,1 525,1 0,2
438,2 361,1 524,1 357,1 196,1 525,1 360,1 0,1
438,1 527,1 136,1 353,1 357,1 354,1 426,1 0,1
438,2 361,2 242,1 341,2 429,1 350,2 525,1 0,2
438,2 526,2 356,1 525,1 139,1 543,2 360,1 0,1
438,1 361,1 357,1 141,1 423,1 360,1 350,1 0,2
438,2 361,2 357,3 430,1 350,2 525,1 423,1 0,3
438,1 544,1 353,1 355,1 193,1 426,1 192,1 0,1
548,2 361,2 353,3 359,2 508,3 358,1 360,1 0,1
548,2 361,2 354,3 359,2 357,2 358,1 360,1 0,1
438,1 527,1 353,1 544,1 428,1 193,1 423,1 0,2
438,2 342,1 357,3 351,2 364,1 360,1 445,1 0,1
438,1 544,1 137,1 527,1 193,1 359,1 195,1 0,2
438,1 190,1 428,1 361,1 355,1 426,1 359,1 0,2
438,2 354,3 357,2 359,2 360,1 425,1 138,1 0,1
438,2 361,2 355,3 340,3 453,3 357,3 360,2 0,3
438,1 342,1 354,1 341,1 357,1 453,1 362,1 0,1
438,2 361,2 425,1 354,3 341,2 357,3 360,2 0,2
438,1 361,1 425,1 357,1 195,1 541,1 360,1 0,1
438,2 353,3 428,2 359,2 429,2 543,1 341,2 0,1
438,2 353,3 425,3 359,2 429,2 543,1 341,2 0,1
438,1 527,1 191,1 429,1 542,1 358,1 525,1 0,1
499,2 432,1 362,1 426,2 429,1 430,1 423,1 0,1
553,1 361,1 354,3 524,1 357,1 525,2 360,1 0,1
438,1 361,1 524,1 357,1 429,1 525,1 360,1 0,1
438,2 426,3 524,1 430,1 357,3 242,1 350,2 0,1
548,1 353,1 341,1 351,1 350,1 445,1 543,1 0,1
438,1 361,1 354,1 425,1 360,1 363,1 357,1 0,2
548,2 361,1 357,3 341,2 359,2 326,1 360,2 0,1
438,2 361,1 425,1 354,1 341,2 357,2 360,1 0,1
548,2 523,1 542,2 135,3 525,1 543,2 453,3 0,1
438,1 361,1 524,1 195,1 525,1 357,1 360,1 0,2
438,1 544,1 137,1 140,1 141,1 192,1 542,1 0,2
438,2 475,2 357,2 458,2 341,2 445,1 351,2 0,3
438,2 285,3 542,1 360,2 430,2 245,2 196,2 0,1
438,1 356,1 140,1 526,1 357,1 426,1 196,1 0,1
438,1 361,1 526,1 544,1 354,1 139,1 360,1 0,1
548,2 453,1 544,2 543,2 542,1 527,2 526,2 0,2
548,2 544,2 542,2 543,2 525,2 526,2 527,3 0,1
438,1 527,1 355,1 190,1 141,1 427,1 542,1 0,1
438,2 340,3 424,3 430,1 242,1 525,1 350,2 0,1
438,2 361,1 524,1 357,3 362,1 525,1 360,1 0,1
438,2 361,1 340,3 357,3 525,1 360,1 423,3 0,1
438,2 353,3 356,3 359,2 350,2 543,2 341,2 0,1
548,2 361,2 359,2 242,1 429,1 430,1 525,1 0,1
548,2 140,1 362,1 445,1 351,2 366,1 0,0 0,1
438,2 353,3 362,1 359,2 429,1 543,2 423,1 0,1
438,2 361,2 429,1 242,1 458,1 525,1 350,2 0,1
553,1 353,2 445,1 359,1 429,1 242,1 423,1 0,1
548,1 540,1 453,1 543,1 542,1 525,1 0,0 0,1
548,2 543,3 527,3 525,1 542,1 526,3 544,2 0,1
438,1 527,1 355,1 424,1 423,1 543,1 196,1 0,1
548,1 524,1 525,1 542,1 543,1 522,1 527,1 0,1
438,2 353,3 362,1 359,2 350,1 430,1 494,2 0,1
438,2 140,1 476,3 354,3 357,3 525,1 360,1 0,1
438,2 342,1 425,2 351,1 424,2 357,3 360,1 0,1
145,1 361,1 448,1 357,1 362,1 525,1 475,1 0,1
438,1 140,1 526,1 356,1 355,1 141,1 525,1 0,2
438,1 526,1 190,1 544,1 135,1 194,1 196,1 0,3
438,2 353,3 423,3 359,2 350,2 543,1 341,2 0,1
438,2 361,1 425,3 354,1 341,2 357,3 360,2 0,1
438,1 140,1 361,1 360,1 525,1 195,1 357,1 0,1
438,2 361,1 476,1 341,2 525,2 357,2 445,1 0,1
438,1 136,1 193,1 357,1 360,1 196,1 542,1 0,1
438,2 285,1 140,1 504,1 141,1 351,2 357,3 0,1
438,2 353,3 362,1 359,2 429,2 430,1 543,3 0,1
438,2 353,3 462,1 359,2 429,2 543,2 341,2 0,1
438,1 190,1 191,1 526,1 138,1 360,1 543,1 0,1
438,2 361,1 342,1 357,1 360,2 525,2 139,2 0,1
438,2 361,2 353,3 359,2 357,3 358,2 360,2 0,1
438,2 353,3 360,2 359,2 429,2 543,3 341,2 0,1
438,2 361,1 425,1 354,1 341,2 357,1 360,2 0,2
438,2 432,1 362,2 359,2 429,2 430,2 195,2 0,1
438,1 361,1 342,1 354,1 360,1 242,1 0,0 0,1
438,1 361,1 354,1 357,1 525,1 360,1 362,1 0,2
548,2 432,1 362,1 426,3 429,1 430,1 341,2 0,1
438,2 432,1 362,2 359,2 429,2 430,2 341,2 0,1
438,2 354,2 357,1 359,1 360,1 425,2 138,1 0,1
548,2 432,1 448,1 351,2 429,2 430,2 525,2 0,3
438,1 361,1 242,1 139,1 360,1 359,1 357,1 0,1
438,2 361,2 354,3 357,3 360,2 423,3 430,1 0,2
438,1 361,1 355,1 357,1 359,1 360,1 139,1 0,1
438,1 354,1 357,1 359,1 360,1 425,1 138,1 0,3
499,2 432,1 362,1 351,2 429,1 430,1 423,1 0,1
438,2 353,3 362,1 359,2 429,1 494,1 543,3 0,2
438,2 353,3 359,2 351,2 429,2 242,1 543,3 0,1
438,2 353,3 362,1 359,2 360,2 445,1 543,2 0,2
438,2 353,3 526,3 359,2 429,1 430,1 543,3 0,1
438,2 353,3 362,1 359,1 429,2 242,1 543,3 0,1
438,2 340,3 524,1 242,1 525,1 358,2 350,2 0,1
438,1 526,1 425,1 527,1 426,1 141,1 139,1 0,1
553,1 542,1 246,3 350,1 351,2 357,3 360,1 0,1
438,2 361,2 341,2 458,1 242,1 525,2 350,2 0,1
438,2 361,2 425,3 423,3 357,3 358,1 360,2 0,1
438,2 353,3 362,2 359,2 350,2 445,1 477,2 0,1
438,2 342,1 542,2 341,2 525,1 360,1 350,1 0,1
438,1 527,1 526,1 361,1 191,1 357,1 359,1 0,1
548,2 428,2 448,1 351,2 427,2 430,2 543,3 0,1
438,2 349,3 357,3 430,1 423,1 525,1 350,2 0,1
438,2 361,2 524,1 525,1 423,1 357,3 445,1 0,1
438,2 353,3 462,1 359,2 429,2 543,3 341,2 0,1
553,1 432,1 448,1 359,2 429,1 430,1 543,2 0,1
438,2 353,3 527,3 359,1 429,1 242,1 543,3 0,3
438,2 353,3 362,2 359,2 429,2 430,2 525,2 0,1
438,1 361,1 355,1 425,1 360,1 195,1 357,1 0,1
438,2 525,1 341,1 342,1 357,3 360,1 361,1 0,1
438,2 361,2 357,3 430,1 525,2 423,1 350,2 0,1
548,2 432,1 362,1 359,2 429,2 242,1 353,3 0,1
438,2 361,2 229,1 359,2 358,2 360,2 430,1 0,1
438,2 340,3 357,3 430,1 525,1 350,2 543,3 0,1
438,2 361,2 478,2 359,2 357,3 358,2 360,2 0,1
438,2 361,1 425,3 357,3 542,2 360,1 423,3 0,1
438,1 356,1 137,1 541,1 426,1 196,1 543,1 0,2
438,1 361,1 190,1 525,1 360,1 358,1 423,1 0,1
438,2 361,1 354,3 357,2 195,1 525,1 360,1 0,1
438,1 342,1 462,1 351,1 543,1 525,1 542,1 0,1
548,2 325,2 525,2 424,2 540,1 542,2 428,2 0,1
438,1 353,1 544,1 138,1 354,1 194,1 423,1 0,1
438,1 361,1 342,1 357,1 360,1 359,1 0,0 0,1
438,2 353,3 358,2 359,2 429,2 543,1 341,1 0,1
438,2 353,3 425,3 359,2 429,2 543,3 341,2 0,2
438,2 353,3 362,2 359,2 429,2 430,1 543,3 0,4
438,1 361,1 353,1 508,1 357,1 358,1 360,1 0,2
438,1 525,1 542,1 342,1 357,1 360,1 361,1 0,2
438,2 353,3 362,1 359,2 429,1 242,1 341,2 0,1
438,1 361,1 524,1 340,1 525,1 360,1 423,1 0,1
438,1 353,1 361,1 527,1 190,1 426,1 358,1 0,1
438,2 349,3 357,3 430,1 350,2 423,1 525,1 0,1
548,2 361,2 428,1 357,3 525,1 362,1 445,1 0,1
438,2 353,3 354,3 359,2 350,2 543,3 341,2 0,1
438,2 353,3 362,2 359,2 350,2 430,2 341,2 0,1
438,2 361,1 353,1 359,2 357,3 358,1 360,2 0,1
438,2 361,1 354,2 357,3 358,1 351,2 362,1 0,1
438,1 137,1 527,1 426,1 141,1 359,1 525,1 0,1
438,2 353,3 362,1 359,2 429,2 242,1 543,2 0,1
438,2 361,1 425,2 354,1 341,2 357,2 360,2 0,2
438,2 361,2 355,3 357,3 362,1 423,1 360,2 0,1
438,1 361,1 524,1 429,1 525,1 360,1 195,1 0,1
438,1 361,1 357,1 350,1 354,1 525,1 360,1 0,1
438,2 353,3 362,1 359,2 429,1 430,1 423,1 0,1
438,1 342,1 357,1 351,1 364,1 360,1 445,1 0,1
438,2 361,2 523,1 542,2 362,2 458,2 357,2 0,1
438,2 353,3 360,2 359,2 429,2 445,1 341,2 0,1
548,2 353,3 356,3 359,2 429,2 242,1 341,2 0,1
438,2 353,3 362,1 359,2 429,1 430,1 341,2 0,2
438,2 342,1 425,3 351,2 429,1 543,1 341,2 0,1
438,1 544,1 353,1 361,1 355,1 426,1 543,1 0,1
145,2 353,3 362,1 359,2 429,2 445,1 341,2 0,2
438,2 342,1 542,1 341,2 525,2 360,1 350,2 0,1
438,2 349,3 430,1 357,3 525,1 350,2 423,1 0,2
438,2 361,1 425,3 354,3 341,1 357,2 360,2 0,1
438,1 361,1 140,1 360,1 195,1 357,1 525,1 0,1
438,2 340,3 430,1 357,3 429,1 350,2 543,1 0,1
438,2 342,1 522,1 362,2 246,3 524,1 0,0 0,2
438,1 544,1 355,1 357,1 138,1 354,1 542,1 0,1
438,2 353,3 527,3 359,2 429,2 543,3 341,2 0,1
145,1 361,1 425,1 357,1 525,1 192,1 360,1 0,1
438,1 353,1 140,1 195,1 192,1 360,1 427,1 0,1
548,2 432,1 448,1 351,2 429,2 430,1 543,2 0,1
438,2 526,3 357,3 430,1 359,2 350,2 423,1 0,1
438,2 542,2 540,1 523,1 242,1 366,1 0,0 0,1
548,2 353,3 362,2 359,2 350,2 445,1 341,2 0,1
438,2 340,3 242,1 424,3 423,1 525,1 350,2 0,1
548,2 432,1 362,2 359,2 429,1 430,1 341,2 0,1
145,2 432,1 197,1 359,2 429,1 242,1 358,2 0,1
553,1 361,1 354,3 525,1 357,3 423,3 360,1 0,1
553,1 353,3 362,1 359,1 429,1 430,1 543,3 0,1
438,2 361,1 359,1 357,2 423,1 360,1 445,1 0,2
548,2 353,3 425,3 359,2 429,2 242,1 341,2 0,1
548,2 349,3 462,1 351,2 350,2 525,2 542,2 0,1
438,2 361,1 342,1 357,3 360,2 445,1 353,3 0,1
438,2 361,1 342,1 357,2 360,1 525,2 139,1 0,1
438,2 353,3 362,1 359,1 429,1 242,1 543,3 0,1
438,1 361,1 357,1 525,1 458,1 360,1 423,1 0,1
438,2 361,2 476,1 357,3 362,1 351,2 524,1 0,1
548,2 522,1 462,1 351,2 350,2 525,2 542,2 0,1
548,1 544,1 526,1 543,1 542,1 525,1 527,1 0,2
438,1 190,1 544,1 353,1 139,1 543,1 360,1 0,1
438,1 190,1 527,1 354,1 542,1 196,1 360,1 0,1
145,1 361,1 362,1 424,1 429,1 358,1 364,1 0,1
438,2 353,3 362,1 359,2 429,2 242,3 543,2 0,1
438,2 432,1 362,2 359,2 429,2 430,1 341,2 0,1
438,2 353,3 429,2 359,2 360,2 525,2 190,3 0,1
438,2 229,3 477,2 362,2 445,1 431,2 0,0 0,1
438,2 361,1 342,1 357,1 360,2 525,2 358,2 0,1
438,2 361,2 342,1 357,3 360,1 445,1 353,3 0,1
438,1 525,1 542,1 341,1 342,1 350,1 360,1 0,1
438,1 525,1 542,1 342,1 361,1 357,1 360,1 0,3
438,2 342,1 448,1 359,2 429,2 430,1 543,2 0,1
438,1 342,1 542,1 341,1 360,1 525,1 361,1 0,1
438,2 361,1 425,2 354,1 341,2 357,3 360,1 0,1
438,2 353,3 362,2 359,2 350,2 445,1 458,2 0,1
438,2 432,1 362,2 359,2 429,1 430,2 341,2 0,1
438,2 361,2 430,1 341,2 357,3 350,2 423,1 0,1
438,2 361,2 365,1 458,1 357,2 359,2 360,1 0,1
438,2 340,3 508,2 448,1 359,2 475,2 0,0 0,1
438,1 428,1 527,1 354,1 195,1 139,1 542,1 0,1
438,1 353,1 527,1 428,1 356,1 357,1 525,1 0,1
548,2 425,3 448,1 351,2 429,2 430,1 543,3 0,1
438,2 353,3 524,1 242,1 359,2 357,3 523,1 0,1
438,2 475,2 357,3 424,1 458,2 525,1 360,2 0,1
438,2 342,1 542,2 357,2 341,1 360,2 361,2 0,1
438,1 361,1 137,1 526,1 190,1 356,1 544,1 0,1
438,2 342,1 542,1 357,2 341,2 360,1 361,2 0,1
438,2 353,2 495,3 359,1 429,1 543,1 423,1 0,1
438,2 453,1 340,1 361,2 357,3 354,3 360,2 0,1
438,2 353,3 362,2 359,2 429,2 445,1 525,2 0,1
438,2 349,3 523,1 357,3 351,2 525,1 423,1 0,1
548,2 353,3 362,2 359,2 429,2 242,1 341,2 0,1
438,2 353,3 362,1 359,2 429,2 242,3 543,3 0,2
438,2 353,2 508,3 359,1 429,1 242,1 496,1 0,1
438,1 526,1 356,1 354,1 543,1 196,1 427,1 0,1
438,2 361,1 342,1 357,3 359,2 430,1 362,1 0,1
438,2 353,3 362,1 359,2 429,2 430,1 504,1 0,1
438,2 432,1 362,1 359,2 429,2 430,1 341,1 0,1
438,2 349,3 458,1 341,2 242,1 525,1 350,2 0,1
548,2 353,3 362,1 359,2 429,2 242,3 543,3 0,1
438,1 361,1 425,1 357,1 138,1 360,1 477,1 0,2
438,1 425,1 191,1 135,1 424,1 360,1 423,1 0,1
438,1 340,1 366,1 351,1 0,0 0,0 0,0 0,4
499,2 361,2 476,1 525,2 242,1 357,3 351,2 0,1
438,2 353,3 362,2 359,2 429,2 242,1 525,2 0,2
438,2 353,1 448,1 359,1 429,1 430,1 543,1 0,1
438,2 342,1 425,3 351,2 424,2 357,2 360,1 0,1
548,2 353,3 362,1 359,2 429,2 430,2 494,2 0,1
438,1 137,1 356,1 526,1 355,1 543,1 192,1 0,1
438,2 342,1 361,2 524,1 423,3 340,1 351,2 0,1
438,2 361,2 430,1 357,3 423,1 525,1 350,2 0,1
438,1 136,1 526,1 355,1 359,1 358,1 195,1 0,2
438,2 353,3 362,1 359,2 429,2 242,1 543,3 0,2
438,2 361,2 242,1 341,2 429,1 525,1 350,2 0,1
438,2 361,2 357,3 430,1 525,1 350,2 423,1 0,1
438,1 353,1 356,1 136,1 357,1 141,1 359,1 0,1
438,1 361,1 340,1 357,1 525,1 360,1 423,1 0,1
438,2 349,3 357,3 430,1 350,2 525,1 423,1 0,1
438,2 361,1 342,1 357,1 542,2 360,1 525,1 0,1
553,1 361,2 139,1 360,1 362,1 341,1 357,2 0,1
438,1 544,1 527,1 353,1 425,1 361,1 135,1 0,1
145,1 349,1 351,1 427,1 424,1 350,1 0,0 0,2
438,2 361,2 341,2 430,1 357,3 423,1 350,2 0,1
438,1 361,1 140,1 357,1 195,1 525,1 360,1 0,1
438,2 353,2 523,1 359,1 429,1 242,1 543,2 0,1
548,2 353,3 362,2 359,2 429,2 430,2 525,2 0,1
438,1 340,1 361,1 453,1 357,1 354,1 360,1 0,3
438,2 353,2 425,2 359,1 429,1 242,1 494,1 0,1
438,1 353,1 356,1 527,1 355,1 192,1 542,1 0,1
438,2 361,2 340,3 453,3 357,3 458,1 360,2 0,1
438,1 190,1 544,1 353,1 426,1 359,1 427,1 0,1
438,1 361,1 141,1 357,1 360,1 543,1 192,1 0,1
548,1 523,1 543,1 542,1 526,1 527,1 0,0 0,1
548,1 453,1 544,1 543,1 351,1 527,1 525,1 0,3
438,1 361,1 526,1 355,1 194,1 525,1 192,1 0,1
548,1 353,1 424,1 426,1 350,1 425,1 349,1 0,4
548,2 453,1 544,2 543,3 351,1 527,2 525,1 0,1
438,1 361,1 453,1 340,1 357,1 341,1 360,1 0,1
438,2 353,3 362,2 359,2 429,2 430,2 341,2 0,1
438,1 544,1 190,1 526,1 353,1 196,1 192,1 0,1
548,2 523,1 462,1 351,2 350,2 525,2 542,2 0,1
438,1 527,1 356,1 138,1 429,1 360,1 196,1 0,2
258,2 432,1 365,1 477,2 424,3 525,2 351,2 0,1
438,2 353,3 362,1 359,2 429,2 445,1 341,2 0,1
438,2 342,1 542,1 357,2 341,1 360,1 361,1 0,2
438,2 353,3 542,2 359,1 429,1 543,2 341,2 0,1
438,2 353,3 523,1 359,2 429,2 525,2 190,3 0,1
438,1 428,1 424,1 354,1 423,1 427,1 540,1 0,2
548,1 353,1 544,1 426,1 350,1 525,1 526,1 0,1
438,2 361,2 342,1 357,1 542,2 360,2 525,2 0,1
438,2 361,2 353,3 477,2 357,3 362,2 478,2 0,1
548,2 432,1 448,1 351,1 429,1 242,1 341,1 0,2
438,2 353,3 349,3 359,1 429,1 242,1 543,3 0,1
438,1 526,1 428,1 355,1 192,1 543,1 196,1 0,1
438,2 353,3 362,1 359,2 429,1 543,3 423,1 0,1
438,2 353,3 355,3 359,2 429,1 543,3 423,1 0,1
438,2 353,3 423,1 359,2 429,1 543,3 341,2 0,1
553,1 353,2 355,2 359,1 429,1 242,1 543,1 0,1
438,2 353,3 362,1 359,2 429,1 430,1 543,2 0,1
438,1 432,1 191,1 359,1 429,1 242,1 245,1 0,2
438,1 140,1 428,1 193,1 357,1 429,1 360,1 0,3
438,2 361,2 341,2 242,1 458,1 525,1 350,2 0,1
548,2 350,2 462,1 351,2 542,2 525,2 526,3 0,1
438,1 544,1 527,1 136,1 193,1 135,1 357,1 0,1
438,2 353,3 362,1 359,2 429,1 445,1 543,3 0,1
438,1 342,1 355,1 354,1 242,1 351,1 192,1 0,1
548,1 361,1 357,1 523,1 525,1 326,1 0,0 0,1
438,1 428,1 544,1 193,1 426,1 424,1 542,1 0,1
548,1 361,1 353,1 359,1 508,1 358,1 360,1 0,1
548,1 353,1 350,1 426,1 543,1 526,1 425,1 0,1
438,2 353,3 237,1 359,2 429,2 242,3 256,1 0,1
438,1 140,1 425,1 355,1 424,1 429,1 543,1 0,2
438,2 353,3 542,2 359,2 429,2 543,3 341,2 0,1
438,2 342,1 354,1 357,3 458,2 494,1 431,1 0,1
438,1 526,1 544,1 140,1 135,1 141,1 192,1 0,1
438,1 190,1 526,1 424,1 139,1 427,1 525,1 0,1
438,2 361,1 523,1 139,1 525,1 360,1 358,2 0,1
438,1 340,1 361,1 453,1 357,1 458,1 360,1 0,1
438,2 361,1 354,2 357,3 359,1 362,1 525,1 0,1
499,2 432,1 362,1 426,2 429,1 430,1 543,1 0,1
438,1 526,1 425,1 544,1 137,1 196,1 195,1 0,1
438,2 349,3 357,3 430,1 350,2 525,2 423,1 0,1
438,1 526,1 544,1 425,1 190,1 424,1 427,1 0,1
438,2 353,3 527,3 359,2 429,1 242,1 543,3 0,1
548,2 522,1 527,3 542,1 543,1 525,1 526,3 0,1
438,1 140,1 544,1 190,1 527,1 355,1 424,1 0,1
548,1 353,1 342,1 359,1 429,1 543,1 423,1 0,1
438,1 526,1 190,1 354,1 141,1 196,1 543,1 0,1
438,2 526,3 354,3 242,1 341,2 358,2 350,2 0,1
438,1 361,1 354,1 357,1 525,1 360,1 445,1 0,2
548,1 353,1 544,1 426,1 350,1 425,1 349,1 0,1
548,2 543,3 462,1 351,2 350,2 525,2 542,2 0,1
438,1 136,1 527,1 141,1 543,1 427,1 358,1 0,1
438,2 353,3 462,1 359,2 350,2 430,1 190,1 0,1
438,1 361,1 353,1 359,1 357,1 358,1 360,1 0,1
438,2 361,2 242,1 359,2 424,1 430,1 350,2 0,1
438,2 361,1 425,2 354,2 341,2 357,2 360,1 0,2
438,1 353,1 542,1 351,1 350,1 445,1 543,1 0,1
438,2 361,2 458,1 429,1 242,1 525,1 350,2 0,1
548,2 353,2 362,1 359,2 429,1 494,1 543,2 0,2
438,2 361,1 425,1 357,1 195,1 525,1 360,1 0,2
438,1 140,1 544,1 428,1 192,1 139,1 525,1 0,1
438,1 432,1 342,1 359,1 429,1 423,1 458,1 0,1
548,2 544,3 462,1 351,2 350,2 525,2 542,2 0,1
438,2 361,2 458,1 242,1 429,1 525,1 350,2 0,1
438,2 366,1 361,2 357,3 426,3 0,0 0,0 0,2
438,2 353,2 366,1 359,1 429,1 242,1 494,1 0,1
438,2 353,3 362,1 359,2 429,1 242,1 190,1 0,1
438,1 361,1 476,1 354,1 360,1 525,1 445,1 0,1
438,2 361,1 425,3 354,2 341,2 357,2 360,1 0,2
438,1 140,1 428,1 355,1 357,1 141,1 195,1 0,1
438,1 137,1 356,1 355,1 135,1 192,1 540,1 0,1
438,1 137,1 357,1 193,1 354,1 424,1 543,1 0,1
438,1 361,1 475,1 357,1 359,1 138,1 360,1 0,1
438,2 353,3 453,3 359,2 429,2 430,1 543,3 0,1
438,1 137,1 353,1 425,1 357,1 542,1 195,1 0,1
438,2 361,1 425,3 354,1 341,2 357,2 360,2 0,1
438,1 190,1 425,1 544,1 527,1 196,1 358,1 0,1
258,2 542,1 354,3 557,1 424,3 525,1 479,1 0,1
438,2 349,3 430,1 357,3 350,2 525,1 423,3 0,1
438,2 432,1 362,2 359,2 350,2 430,2 358,2 0,1
548,1 353,1 453,1 426,1 350,1 425,1 349,1 0,1
438,2 361,2 354,1 357,3 360,1 430,2 195,2 0,1
438,1 340,1 453,1 361,1 357,1 341,1 360,1 0,1
438,2 349,3 430,1 357,3 341,2 423,1 350,2 0,1
438,2 353,1 365,1 359,1 429,1 242,1 543,3 0,1
548,1 353,1 340,1 426,1 350,1 543,1 525,1 0,1
235,1 432,1 197,1 359,1 429,1 276,1 341,2 0,1
438,1 361,1 425,1 359,1 525,1 360,1 0,0 0,1
548,1 361,1 524,1 359,1 357,1 358,1 360,1 0,1
438,2 361,2 341,2 242,1 429,1 350,2 525,1 0,1
438,2 361,1 140,1 354,3 360,2 195,2 357,3 0,1
438,1 361,1 524,1 341,1 525,1 423,1 360,1 0,1
438,2 361,2 341,2 458,1 242,1 350,2 525,1 0,1
438,2 453,1 361,2 340,3 357,3 354,3 360,2 0,1
438,2 361,2 357,3 430,1 350,2 525,2 423,1 0,1
438,2 432,1 448,1 351,2 429,2 430,2 494,2 0,1
548,1 523,1 527,1 543,1 542,1 526,1 0,0 0,2
438,1 190,1 425,1 357,1 141,1 360,1 424,1 0,1
438,2 340,3 424,1 242,1 525,2 423,1 350,2 0,1
438,2 525,1 361,1 354,1 357,1 360,1 423,1 0,1
438,1 523,1 525,1 139,1 358,1 361,1 360,1 0,3
438,1 361,1 357,1 541,1 423,1 525,1 360,1 0,1
438,1 361,1 349,1 350,1 351,1 357,1 360,1 0,1
438,2 349,3 430,1 357,3 525,1 423,1 350,2 0,1
548,1 353,1 425,1 426,1 350,1 349,1 544,1 0,1
548,2 432,1 362,1 359,1 429,1 242,1 366,1 0,2
438,2 361,1 342,1 341,2 525,2 360,1 357,2 0,1
438,1 361,1 356,1 527,1 140,1 193,1 192,1 0,2
438,2 361,2 458,1 429,1 242,1 350,2 525,1 0,1
438,2 361,2 342,1 341,2 458,2 360,2 357,3 0,1
548,1 361,1 354,1 359,1 360,1 357,1 362,1 0,1
438,2 361,1 425,1 357,1 195,1 525,2 360,1 0,2
438,2 361,1 524,1 195,1 357,1 525,1 360,1 0,1
438,2 361,1 425,3 354,2 341,2 357,2 360,2 0,2
438,2 340,3 430,1 424,1 242,1 525,1 350,2 0,1
438,2 361,1 341,2 525,2 354,3 522,1 524,1 0,1
548,1 353,1 350,1 426,1 453,1 425,1 524,1 0,1
438,2 353,3 526,3 359,2 350,1 543,3 341,2 0,1
548,1 353,1 425,1 426,1 350,1 349,1 340,1 0,1
438,2 342,1 357,1 351,1 525,2 360,1 445,1 0,1
438,2 361,1 425,1 354,2 341,2 357,2 360,2 0,1
438,1 140,1 190,1 354,1 426,1 359,1 196,1 0,2
438,1 361,1 524,1 360,1 139,1 525,1 357,1 0,2
438,1 361,1 359,1 341,1 357,1 423,1 445,1 0,1
438,1 361,1 526,1 425,1 193,1 196,1 195,1 0,1
438,2 342,1 353,3 357,3 361,1 362,1 366,1 0,1
438,1 140,1 190,1 193,1 429,1 196,1 360,1 0,1
145,1 192,1 0,0 0,0 0,0 0,0 0,0 0,1
258,2 285,3 448,1 525,1 424,3 237,1 475,1 0,1
548,1 361,1 541,1 359,1 357,1 358,1 360,1 0,1
438,1 361,1 508,1 357,1 360,1 359,1 0,0 0,1
438,1 137,1 428,1 361,1 359,1 360,1 423,1 0,2
438,1 425,1 140,1 361,1 426,1 429,1 195,1 0,2
438,1 361,1 340,1 357,1 423,1 525,1 360,1 0,1
438,2 354,3 357,3 429,1 242,1 522,1 525,1 0,1
438,1 361,1 354,1 357,1 423,1 360,1 192,1 0,1
438,2 361,2 357,3 430,1 423,1 350,2 525,1 0,1
438,1 526,1 544,1 425,1 191,1 139,1 360,1 0,1
438,2 453,2 361,2 340,3 357,2 354,3 360,2 0,1
438,1 361,1 353,1 341,1 359,1 360,1 357,1 0,2
438,2 361,2 355,3 453,2 340,3 357,2 360,2 0,1
438,2 453,1 361,2 340,3 357,3 341,2 360,2 0,2
438,2 342,1 542,2 357,1 341,2 360,1 361,1 0,2
438,2 361,2 354,3 358,1 357,3 445,1 426,3 0,1
438,2 361,2 425,2 423,2 357,2 358,2 360,2 0,2
438,2 361,2 242,1 458,1 429,1 350,2 525,1 0,1
438,1 361,1 342,1 542,1 357,1 525,1 360,1 0,2
438,2 361,1 425,2 423,3 357,2 358,2 360,2 0,3
438,2 361,1 341,1 525,2 354,3 522,1 524,1 0,1
438,2 342,1 425,3 351,2 424,1 357,3 360,1 0,3
438,2 361,2 476,3 341,2 358,2 357,3 364,1 0,1
145,1 354,1 357,1 192,1 358,1 141,1 429,1 0,2
438,2 361,2 341,2 429,1 242,1 350,2 525,1 0,1
438,1 190,1 526,1 361,1 141,1 429,1 195,1 0,1
438,1 361,1 357,1 341,1 523,1 525,1 195,1 0,1
438,1 361,1 524,1 357,1 341,1 525,1 360,1 0,1
438,2 354,3 430,1 242,1 341,2 525,1 350,2 0,1
438,1 361,1 354,1 341,1 458,1 357,1 351,1 0,2
548,1 544,1 543,1 542,1 525,1 526,1 0,0 0,1
548,2 522,1 543,2 525,1 542,1 523,1 0,0 0,1
553,1 340,1 354,3 357,3 359,2 341,2 351,2 0,1
438,2 453,2 340,3 361,2 357,2 341,2 360,2 0,1
145,1 426,1 0,0 0,0 0,0 0,0 0,0 0,25
438,1 342,1 353,1 357,1 361,1 362,1 0,0 0,8
438,2 366,1 342,1 353,2 357,2 361,1 362,1 0,1
548,1 349,1 476,1 362,1 428,1 543,1 359,1 0,1
438,1 361,1 340,1 453,1 357,1 458,1 360,1 0,1
438,2 361,1 341,1 359,1 357,1 360,1 353,1 0,1
438,2 342,1 362,2 357,3 523,1 458,2 353,3 0,2
145,1 543,1 544,1 527,1 526,1 0,0 0,0 0,1
438,1 353,1 354,1 357,1 525,1 361,1 362,1 0,4
438,1 342,1 341,1 358,1 357,1 362,1 0,0 0,5
438,1 342,1 341,1 359,1 525,1 357,1 427,1 0,4
438,1 361,1 354,1 445,1 357,1 351,1 353,1 0,1
438,2 361,1 425,1 423,3 357,3 358,2 360,2 0,2
438,2 361,2 425,3 423,2 357,3 358,2 360,1 0,1
438,2 361,1 425,3 423,1 357,3 358,1 360,2 0,2
438,2 361,2 425,1 423,3 357,3 358,2 360,2 0,1
438,2 361,2 476,3 359,2 445,1 479,1 0,0 0,1
438,1 140,1 365,1 366,1 357,1 362,1 445,1 0,1
438,1 140,1 354,1 424,1 357,1 192,1 360,1 0,1
438,1 342,1 361,1 525,1 357,1 445,1 351,1 0,1
438,2 361,1 425,1 423,3 357,2 358,2 360,1 0,1
438,1 361,1 453,1 340,1 357,1 458,1 360,1 0,1
438,1 361,1 354,1 357,1 358,1 360,1 353,1 0,2
438,2 361,1 425,1 423,1 357,2 358,1 360,2 0,2
438,2 361,1 425,1 423,3 357,3 358,2 360,1 0,2
438,2 361,1 425,2 357,2 195,1 525,1 360,1 0,2
438,1 361,1 341,1 359,1 357,1 360,1 353,1 0,1
438,2 361,1 425,3 423,3 357,3 358,2 360,1 0,1
438,2 361,2 342,1 357,3 360,2 525,2 358,1 0,1
438,2 361,2 425,2 423,1 357,2 358,2 360,2 0,1
438,2 353,3 340,3 359,2 350,2 445,1 543,1 0,1
438,2 361,1 425,2 357,1 195,1 525,1 360,1 0,1
438,2 361,1 425,1 423,1 357,2 358,2 360,1 0,5
438,2 361,1 425,2 423,3 357,2 358,1 360,2 0,1
548,1 522,1 543,1 525,1 542,1 523,1 0,0 0,1
438,2 361,2 359,2 357,2 423,3 360,1 445,1 0,1
438,1 361,1 354,1 357,1 358,1 360,1 423,1 0,1
438,2 361,2 425,1 357,3 138,1 360,2 362,1 0,2
145,2 361,2 425,3 354,3 423,3 360,2 357,3 0,1
438,2 361,1 425,3 423,1 357,2 358,1 360,2 0,1
438,1 140,1 194,1 525,1 427,1 423,1 360,1 0,1
438,2 361,1 425,1 423,2 357,2 358,2 360,2 0,1
258,2 285,2 140,1 357,3 448,1 458,2 350,2 0,1
145,1 140,1 360,1 357,1 361,1 135,1 425,1 0,1
438,2 361,1 425,3 423,1 357,2 358,2 360,1 0,1
438,1 428,1 190,1 355,1 193,1 525,1 195,1 0,2
438,1 136,1 361,1 140,1 195,1 358,1 525,1 0,1
438,1 361,1 354,1 522,1 359,1 357,1 360,1 0,1
438,1 361,1 353,1 428,1 356,1 140,1 544,1 0,1
438,1 361,1 425,1 360,1 192,1 358,1 141,1 0,2
438,1 190,1 140,1 353,1 135,1 427,1 192,1 0,2
438,2 361,2 425,3 423,1 357,3 358,2 360,1 0,1
438,2 361,2 140,1 354,3 360,2 195,1 357,3 0,5
438,2 361,1 357,2 242,1 358,1 351,1 366,1 0,1
438,2 425,3 360,1 354,3 138,1 359,2 357,3 0,1
438,1 136,1 137,1 425,1 193,1 195,1 192,1 0,2
438,1 361,1 357,1 458,1 360,1 358,1 362,1 0,1
438,2 361,2 425,3 354,2 341,2 357,3 360,2 0,2
548,2 544,3 527,2 543,3 526,3 0,0 0,0 0,1
548,2 544,2 527,2 543,2 526,3 0,0 0,0 0,1
438,2 342,1 476,1 351,2 242,3 357,2 359,2 0,1
438,1 361,1 425,1 355,1 424,1 427,1 196,1 0,1
438,2 340,3 341,2 357,3 358,1 431,2 458,1 0,1
145,2 361,1 425,2 525,1 357,2 192,1 360,2 0,1
438,2 453,2 355,2 361,1 340,3 357,2 360,2 0,2
438,2 425,1 361,1 423,2 357,2 358,2 360,1 0,1
438,1 425,1 428,1 356,1 544,1 193,1 354,1 0,1
438,2 361,1 354,3 357,2 360,2 423,3 192,2 0,1
438,2 361,1 524,1 429,1 357,2 525,1 360,2 0,4
438,2 476,1 357,3 351,1 361,1 0,0 0,0 0,2
438,2 361,1 425,1 357,2 195,1 525,2 360,1 0,1
438,1 361,1 353,1 357,1 359,1 341,1 360,1 0,2
438,2 361,1 425,1 423,1 357,3 358,1 360,2 0,1
438,2 425,3 361,2 355,3 360,2 358,2 357,2 0,1
438,1 353,1 356,1 140,1 357,1 196,1 192,1 0,1
553,1 340,3 354,3 357,3 358,2 351,1 353,3 0,1
438,1 340,1 355,1 453,1 361,1 357,1 360,1 0,1
438,2 361,2 523,1 139,1 525,2 360,2 358,1 0,1
145,1 285,1 342,1 357,1 341,1 359,1 360,1 0,1
438,1 137,1 425,1 544,1 138,1 359,1 423,1 0,1
438,1 453,1 340,1 361,1 357,1 458,1 360,1 0,1
438,1 342,1 425,1 357,1 351,1 356,1 0,0 0,1
548,2 353,1 526,3 359,1 350,1 245,1 525,1 0,1
438,1 140,1 141,1 195,1 423,1 192,1 360,1 0,2
438,2 361,1 524,1 429,1 357,3 525,2 360,1 0,1
438,2 425,1 360,2 354,3 138,2 359,1 357,3 0,1
438,2 340,3 365,1 357,3 458,2 351,2 366,1 0,2
438,1 361,1 357,1 141,1 360,1 358,1 138,1 0,1
438,1 342,1 357,1 351,1 141,1 360,1 0,0 0,1
438,1 353,1 361,1 354,1 357,1 523,1 360,1 0,1
438,1 190,1 356,1 426,1 427,1 360,1 358,1 0,1
438,2 342,1 425,3 357,3 351,1 356,3 0,0 0,1
438,2 361,1 342,1 357,2 360,2 525,1 139,2 0,1
438,2 342,1 353,3 357,3 361,2 362,1 0,0 0,2
438,2 361,2 453,3 340,3 357,3 458,1 360,2 0,1
438,2 361,1 425,3 354,1 341,2 357,1 360,1 0,1
553,1 340,3 354,1 357,1 359,1 341,1 351,1 0,2
438,2 342,1 353,3 357,2 361,1 362,1 0,0 0,1
548,2 544,3 542,1 543,3 525,1 527,3 0,0 0,1
438,1 428,1 140,1 429,1 194,1 196,1 139,1 0,2
438,1 190,1 140,1 361,1 135,1 360,1 359,1 0,4
438,1 361,1 190,1 360,1 192,1 359,1 141,1 0,1
438,1 190,1 425,1 429,1 194,1 195,1 196,1 0,2
548,2 342,1 294,1 458,1 324,2 362,2 0,0 0,1
438,2 361,1 340,3 366,1 351,1 357,3 445,1 0,1
438,1 190,1 356,1 191,1 135,1 194,1 192,1 0,1
438,2 361,1 425,1 354,3 360,1 525,1 423,1 0,3
438,1 356,1 140,1 361,1 355,1 141,1 192,1 0,1
438,1 137,1 361,1 355,1 426,1 195,1 139,1 0,1
438,2 361,1 140,1 354,3 360,2 195,1 357,1 0,1
145,1 349,1 351,1 427,1 424,1 350,1 366,1 0,1
553,1 353,3 362,1 359,2 350,2 242,1 341,2 0,1
438,1 361,1 524,1 357,1 525,1 360,1 192,1 0,1
438,1 356,1 353,1 425,1 355,1 360,1 192,1 0,1
438,2 366,1 342,1 353,3 357,3 361,2 362,2 0,4
438,1 425,1 353,1 140,1 141,1 192,1 427,1 0,1
438,2 256,1 342,1 351,1 458,1 357,1 445,1 0,1
438,1 361,1 140,1 423,1 360,1 195,1 358,1 0,2
438,1 190,1 137,1 140,1 356,1 138,1 360,1 0,1
548,2 453,1 544,3 543,3 525,1 526,3 0,0 0,1
548,1 453,1 544,1 543,1 525,1 526,1 0,0 0,1
438,1 361,1 354,1 357,1 525,1 358,1 360,1 0,1
438,1 453,1 361,1 340,1 357,1 341,1 360,1 0,1
438,2 342,1 353,3 357,3 361,1 362,1 0,0 0,1
438,1 342,1 341,1 357,1 351,1 362,1 0,0 0,5
553,1 340,1 354,3 357,1 358,1 351,2 353,1 0,1
438,2 361,1 355,3 357,3 341,1 360,1 366,1 0,1
438,1 340,1 357,1 458,1 359,1 360,1 341,1 0,1
438,2 361,2 354,3 358,2 357,3 445,1 426,3 0,2
438,2 361,1 523,1 445,1 525,2 360,1 0,0 0,1
438,2 361,2 357,3 358,2 359,2 351,2 362,1 0,1
438,1 190,1 361,1 138,1 357,1 141,1 543,1 0,1
438,2 361,2 354,3 362,1 445,1 430,1 357,2 0,1
438,1 361,1 425,1 357,1 351,1 362,1 445,1 0,1
438,1 361,1 354,1 525,1 360,1 351,1 357,1 0,1
438,2 475,1 476,1 445,1 525,1 430,1 366,1 0,1
438,1 353,1 361,1 354,1 357,1 525,1 360,1 0,1
548,1 361,1 357,1 354,1 525,1 360,1 0,0 0,1
438,2 361,2 359,2 362,2 448,1 358,2 357,3 0,2
438,2 361,1 426,3 354,3 357,3 138,1 445,1 0,1
548,2 544,3 541,2 525,2 542,2 526,3 543,3 0,1
438,2 361,2 354,3 358,2 357,3 445,1 426,2 0,1
438,2 361,2 341,2 359,2 357,3 360,2 353,3 0,1
438,2 366,1 342,1 353,3 357,3 361,2 362,1 0,2
438,1 140,1 357,1 424,1 360,1 423,1 358,1 0,1
438,2 361,1 353,1 341,1 359,1 360,1 357,1 0,1
438,2 361,1 425,1 354,1 360,1 525,2 423,1 0,1
438,2 342,1 542,1 357,1 341,2 360,1 361,1 0,1
438,2 425,2 360,1 354,3 138,1 359,1 357,3 0,1
438,1 190,1 361,1 191,1 357,1 193,1 426,1 0,1
438,2 342,1 430,1 357,3 356,3 458,1 362,1 0,1
438,2 425,3 366,1 365,1 522,1 445,1 448,1 0,1
438,2 361,2 425,3 354,3 341,2 357,2 360,1 0,5
438,1 425,1 361,1 355,1 358,1 192,1 196,1 0,2
438,1 136,1 361,1 140,1 357,1 135,1 360,1 0,2
438,2 342,1 523,1 458,1 424,3 496,2 525,2 0,1
438,2 508,3 137,1 357,3 350,2 542,1 135,1 0,1
548,2 361,1 476,1 357,3 326,1 525,1 458,1 0,1
438,1 425,1 356,1 357,1 424,1 192,1 195,1 0,2
438,2 361,2 476,1 341,2 448,1 357,2 523,1 0,1
438,1 428,1 361,1 138,1 354,1 192,1 358,1 0,1
438,2 361,2 359,2 341,2 357,3 423,3 445,1 0,1
438,2 361,2 425,2 138,1 351,2 141,1 357,3 0,1
438,2 361,2 523,1 542,1 362,1 458,2 357,3 0,1
438,2 360,2 524,1 359,2 361,2 341,2 430,1 0,1
438,1 361,1 508,1 359,1 360,1 357,1 426,1 0,1
438,2 342,1 524,1 256,1 542,1 458,2 192,3 0,1
438,2 361,2 342,1 357,2 542,2 360,1 525,2 0,1
548,1 540,1 495,1 504,1 428,1 0,0 0,0 0,1
438,2 361,2 340,3 453,1 357,3 354,3 360,2 0,1
438,2 425,2 361,2 423,2 357,3 358,2 360,2 0,1
548,2 453,1 544,3 543,3 542,1 527,3 526,2 0,1
438,1 361,1 425,1 357,1 359,1 362,1 360,1 0,1
438,1 361,1 524,1 195,1 525,1 360,1 362,1 0,1
438,2 342,1 476,2 357,2 351,2 361,2 362,1 0,1
438,2 508,1 365,1 543,1 136,1 453,3 366,1 0,1
553,1 353,3 362,1 359,2 350,2 242,2 341,2 0,1
438,2 361,1 342,1 357,1 360,2 445,1 353,1 0,1
438,1 361,1 135,1 354,1 194,1 196,1 192,1 0,2
438,2 361,1 524,1 357,1 525,1 360,1 541,1 0,1
438,2 361,1 523,1 341,1 458,2 357,1 525,1 0,1
438,1 361,1 354,1 341,1 242,1 525,1 357,1 0,1
438,2 361,2 366,1 341,2 362,2 357,1 195,2 0,2
438,2 361,2 341,2 359,2 358,2 351,2 357,3 0,1
438,2 357,2 358,2 360,2 361,1 423,1 425,3 0,1
145,1 361,1 425,1 354,1 423,1 360,1 142,1 0,1
438,2 361,2 354,3 362,1 357,3 453,3 366,1 0,2
438,2 361,2 354,2 341,2 458,2 357,3 351,2 0,1
438,1 190,1 361,1 425,1 428,1 357,1 354,1 0,3
438,2 140,1 139,1 357,3 354,3 360,2 527,1 0,1
438,1 229,1 360,1 359,1 341,1 361,1 453,1 0,1
438,2 495,3 143,1 195,1 246,3 462,1 366,1 0,1
258,2 361,2 477,1 362,1 357,3 525,1 543,2 0,1
438,2 361,2 340,3 453,3 357,3 354,3 360,2 0,1
438,1 361,1 430,1 357,1 351,1 525,1 427,1 0,1
438,2 361,2 354,3 357,3 341,2 362,1 353,3 0,1
438,2 342,1 477,1 357,3 351,2 525,1 360,2 0,1
438,1 285,1 342,1 357,1 351,1 458,1 361,1 0,1
438,1 140,1 424,1 141,1 357,1 242,1 360,1 0,1
438,1 361,1 342,1 363,1 354,1 357,1 362,1 0,1
438,2 361,1 354,1 445,1 357,1 351,2 353,1 0,1
438,1 361,1 340,1 341,1 195,1 525,1 360,1 0,3
438,1 425,1 355,1 357,1 358,1 360,1 361,1 0,1
438,2 342,1 425,3 357,3 351,2 356,3 0,0 0,2
438,2 349,3 355,3 508,3 192,1 366,1 542,2 0,1
438,1 366,1 342,1 353,1 357,1 361,1 362,1 0,1
438,2 424,3 342,1 542,1 429,1 364,1 195,1 0,1
438,1 190,1 356,1 361,1 526,1 426,1 194,1 0,1
438,2 349,3 350,2 139,1 525,2 504,1 359,1 0,1
438,2 508,1 360,2 425,1 357,3 542,1 366,1 0,1
438,2 542,1 361,2 357,2 458,1 242,1 360,1 0,1
438,2 361,1 342,1 357,3 360,1 445,1 353,1 0,1
438,2 425,1 361,2 423,1 357,2 358,1 360,1 0,1
438,1 342,1 425,1 351,1 357,1 453,1 361,1 0,1
438,1 342,1 366,1 353,1 357,1 361,1 362,1 0,1
438,2 361,2 524,1 429,1 357,3 525,1 360,1 0,1
438,1 140,1 361,1 354,1 357,1 360,1 525,1 0,1
438,1 361,1 359,1 362,1 448,1 358,1 357,1 0,1
438,2 425,3 361,2 423,3 357,1 358,1 360,1 0,1
438,1 137,1 527,1 140,1 355,1 191,1 135,1 0,1
438,1 453,1 340,1 361,1 357,1 341,1 360,1 0,1
438,1 190,1 191,1 361,1 356,1 193,1 542,1 0,1
438,1 425,1 361,1 193,1 196,1 427,1 543,1 0,1
438,2 361,2 359,1 357,2 423,3 360,2 445,1 0,2
438,2 361,1 340,3 425,1 351,2 357,3 360,1 0,1
438,2 342,1 341,2 357,2 351,2 362,1 0,0 0,1
438,1 428,1 361,1 191,1 139,1 195,1 360,1 0,4
438,2 361,1 524,1 341,2 357,1 525,1 360,1 0,1
438,2 366,1 342,1 353,1 357,1 361,2 362,1 0,1
438,2 425,1 361,1 423,3 357,1 358,1 360,1 0,1
438,1 361,1 525,1 354,1 242,1 357,1 362,1 0,1
438,1 190,1 544,1 138,1 359,1 195,1 427,1 0,1
438,2 361,2 342,1 357,1 542,2 360,1 525,2 0,1
438,2 425,1 361,1 423,1 357,1 358,1 360,2 0,1
145,1 356,1 361,1 425,1 360,1 192,1 357,1 0,1
438,1 140,1 360,1 361,1 190,1 192,1 0,0 0,1
438,1 361,1 357,1 359,1 360,1 192,1 423,1 0,1
438,1 137,1 190,1 136,1 354,1 359,1 196,1 0,1
438,1 140,1 355,1 138,1 424,1 359,1 196,1 0,1
548,2 361,1 524,1 359,1 357,1 358,1 360,1 0,1
438,1 425,1 190,1 424,1 354,1 194,1 139,1 0,1
145,1 349,1 351,1 424,1 350,1 0,0 0,0 0,1
438,2 342,1 478,2 341,2 360,2 362,2 0,0 0,1
438,1 428,1 136,1 135,1 354,1 423,1 196,1 0,1
438,1 140,1 357,1 138,1 192,1 360,1 423,1 0,1
438,1 425,1 191,1 190,1 138,1 424,1 141,1 0,1
548,2 544,1 527,2 542,1 543,3 526,2 0,0 0,1
145,1 361,1 141,1 140,1 190,1 428,1 425,1 0,1
438,1 361,1 140,1 136,1 360,1 423,1 427,1 0,1
438,1 190,1 136,1 135,1 193,1 194,1 192,1 0,1
438,1 137,1 357,1 424,1 429,1 359,1 192,1 0,1
438,1 136,1 361,1 425,1 193,1 427,1 192,1 0,1
438,2 361,2 355,3 365,1 525,1 364,2 445,1 0,1
438,1 190,1 353,1 137,1 141,1 139,1 543,1 0,1
438,1 356,1 354,1 426,1 195,1 139,1 427,1 0,1
438,1 190,1 425,1 138,1 141,1 192,1 358,1 0,1
438,1 190,1 191,1 356,1 141,1 359,1 358,1 0,1
438,1 190,1 136,1 193,1 424,1 354,1 192,1 0,1
145,1 354,1 361,1 140,1 427,1 195,1 135,1 0,1
438,1 140,1 361,1 356,1 544,1 135,1 360,1 0,1
438,1 425,1 138,1 354,1 426,1 525,1 360,1 0,1
438,1 190,1 428,1 193,1 423,1 195,1 427,1 0,1
438,1 353,1 140,1 361,1 359,1 194,1 423,1 0,1
438,1 140,1 361,1 360,1 357,1 135,1 430,1 0,1
438,1 190,1 426,1 359,1 192,1 195,1 525,1 0,1
438,1 190,1 354,1 359,1 429,1 525,1 423,1 0,1
438,1 190,1 191,1 426,1 429,1 359,1 423,1 0,1
438,1 428,1 544,1 357,1 135,1 429,1 358,1 0,1
438,1 526,1 353,1 135,1 193,1 426,1 139,1 0,1
438,2 361,1 425,2 354,2 341,2 357,2 360,2 0,3
438,1 137,1 355,1 191,1 141,1 194,1 429,1 0,1
438,1 190,1 361,1 356,1 138,1 194,1 427,1 0,1
438,1 353,1 356,1 135,1 194,1 429,1 360,1 0,1
548,2 544,3 527,3 542,1 525,1 526,2 543,3 0,1
438,2 361,1 342,1 341,2 525,1 360,2 357,1 0,1
438,1 136,1 190,1 138,1 426,1 354,1 192,1 0,1
438,1 428,1 356,1 190,1 354,1 424,1 139,1 0,2
438,1 425,1 356,1 357,1 429,1 196,1 358,1 0,1
438,1 190,1 357,1 360,1 423,1 195,1 427,1 0,1
438,1 425,1 356,1 140,1 190,1 138,1 141,1 0,1
438,1 190,1 428,1 141,1 194,1 360,1 139,1 0,1
438,1 428,1 140,1 357,1 195,1 427,1 196,1 0,1
438,1 526,1 140,1 135,1 426,1 141,1 195,1 0,1
438,1 136,1 425,1 137,1 424,1 195,1 423,1 0,1
438,1 361,1 137,1 527,1 424,1 195,1 139,1 0,1
438,1 361,1 356,1 360,1 139,1 427,1 542,1 0,1
438,1 361,1 357,1 340,1 525,1 523,1 341,1 0,2
438,1 140,1 526,1 353,1 358,1 423,1 192,1 0,1
438,1 190,1 353,1 140,1 423,1 360,1 196,1 0,1
438,1 425,1 361,1 136,1 426,1 359,1 195,1 0,1
548,2 544,2 527,2 542,1 525,2 526,3 543,2 0,1
145,1 354,1 140,1 191,1 427,1 358,1 139,1 0,1
438,1 353,1 137,1 426,1 141,1 192,1 196,1 0,1
438,1 190,1 428,1 357,1 135,1 354,1 196,1 0,1
438,1 428,1 140,1 424,1 429,1 194,1 196,1 0,1
438,1 190,1 355,1 138,1 357,1 427,1 195,1 0,1
438,1 526,1 361,1 424,1 194,1 423,1 192,1 0,1
438,1 356,1 355,1 138,1 359,1 358,1 423,1 0,1
438,1 137,1 428,1 193,1 141,1 360,1 192,1 0,3
438,1 190,1 136,1 138,1 193,1 543,1 358,1 0,1
438,1 140,1 193,1 357,1 426,1 429,1 195,1 0,1
438,1 361,1 137,1 194,1 423,1 139,1 195,1 0,1
438,2 361,1 425,3 423,1 357,1 358,2 360,2 0,2
438,1 140,1 357,1 360,1 192,1 359,1 141,1 0,1
438,1 190,1 353,1 136,1 361,1 135,1 358,1 0,1
438,1 527,1 140,1 136,1 135,1 354,1 360,1 0,1
438,1 353,1 424,1 194,1 429,1 195,1 360,1 0,1
438,1 428,1 355,1 135,1 424,1 358,1 195,1 0,1
438,1 140,1 361,1 137,1 191,1 141,1 360,1 0,1
548,2 544,2 527,3 542,1 543,3 526,3 0,0 0,1
438,1 136,1 190,1 425,1 141,1 429,1 139,1 0,1
438,1 353,1 428,1 191,1 193,1 424,1 194,1 0,1
438,1 190,1 137,1 135,1 357,1 138,1 427,1 0,1
438,1 361,1 140,1 359,1 360,1 357,1 139,1 0,1
548,2 544,3 527,2 542,1 525,1 526,2 543,2 0,1
438,1 527,1 136,1 425,1 353,1 428,1 354,1 0,1
438,1 137,1 361,1 428,1 138,1 192,1 423,1 0,1
548,2 544,3 543,2 542,1 525,2 527,2 526,3 0,1
438,2 357,3 358,2 360,2 361,1 423,3 425,3 0,2
438,1 140,1 425,1 190,1 360,1 424,1 138,1 0,1
438,1 190,1 136,1 138,1 354,1 424,1 196,1 0,1
438,1 190,1 356,1 425,1 191,1 429,1 360,1 0,1
438,1 353,1 425,1 527,1 357,1 139,1 423,1 0,1
438,2 361,1 425,3 354,3 341,2 357,1 360,2 0,3
438,1 190,1 355,1 141,1 359,1 195,1 423,1 0,1
548,2 544,2 543,2 542,1 525,1 527,3 526,2 0,1
438,1 361,1 135,1 359,1 194,1 141,1 196,1 0,1
438,1 356,1 137,1 135,1 357,1 195,1 543,1 0,1
438,2 361,2 425,2 354,2 341,2 357,2 360,2 0,4
438,1 137,1 190,1 355,1 429,1 192,1 423,1 0,1
438,1 428,1 193,1 354,1 426,1 429,1 139,1 0,1
438,1 190,1 140,1 193,1 354,1 141,1 139,1 0,1
438,1 190,1 136,1 425,1 196,1 427,1 360,1 0,1
438,1 361,1 140,1 136,1 138,1 357,1 424,1 0,1
438,1 140,1 357,1 135,1 426,1 195,1 192,1 0,1
438,1 361,1 355,1 340,1 453,1 357,1 360,1 0,1
548,2 544,3 527,3 525,1 526,2 0,0 0,0 0,1
548,2 544,1 527,3 542,2 525,2 526,2 543,1 0,1
438,1 190,1 353,1 361,1 425,1 138,1 192,1 0,1
438,1 526,1 190,1 357,1 424,1 141,1 192,1 0,1
438,1 137,1 356,1 428,1 357,1 192,1 423,1 0,1
438,1 353,1 191,1 138,1 358,1 195,1 192,1 0,1
548,2 544,1 527,3 525,2 526,3 0,0 0,0 0,1
548,2 544,2 527,2 525,1 526,2 0,0 0,0 0,1
438,1 140,1 361,1 191,1 355,1 358,1 543,1 0,1
438,1 190,1 140,1 191,1 358,1 360,1 192,1 0,1
438,1 136,1 353,1 357,1 424,1 423,1 196,1 0,1
548,2 544,1 527,2 525,1 526,3 0,0 0,0 0,1
438,1 136,1 140,1 353,1 193,1 426,1 196,1 0,1
438,1 353,1 136,1 140,1 191,1 135,1 423,1 0,1
438,1 428,1 353,1 135,1 138,1 354,1 427,1 0,1
438,1 353,1 137,1 526,1 135,1 194,1 429,1 0,1
438,1 137,1 140,1 425,1 193,1 426,1 360,1 0,1
438,1 140,1 361,1 190,1 428,1 354,1 429,1 0,1
438,2 361,1 342,1 357,3 358,1 351,1 360,1 0,1
438,1 361,1 357,1 341,1 359,1 360,1 192,1 0,1
438,1 361,1 193,1 135,1 426,1 359,1 194,1 0,1
438,2 361,2 140,1 354,3 360,1 195,1 357,3 0,1
438,1 353,1 425,1 136,1 424,1 141,1 139,1 0,1
145,1 349,1 525,1 526,1 453,1 0,0 0,0 0,3
438,1 428,1 355,1 191,1 424,1 141,1 427,1 0,1
438,2 342,1 351,2 424,1 522,1 357,3 362,1 0,1
438,1 356,1 353,1 361,1 193,1 141,1 196,1 0,1
438,1 136,1 428,1 140,1 353,1 425,1 191,1 0,1
438,1 140,1 136,1 354,1 429,1 423,1 358,1 0,2
438,1 356,1 361,1 426,1 358,1 139,1 196,1 0,1
438,1 428,1 353,1 425,1 137,1 359,1 196,1 0,1
438,1 137,1 428,1 357,1 354,1 429,1 423,1 0,1
438,1 136,1 190,1 141,1 358,1 423,1 360,1 0,1
438,1 544,1 190,1 428,1 191,1 138,1 139,1 0,1
438,1 361,1 526,1 356,1 138,1 354,1 195,1 0,1
438,2 361,2 425,1 354,3 341,2 357,2 360,1 0,1
438,1 137,1 425,1 190,1 135,1 357,1 360,1 0,1
438,2 361,2 425,2 423,1 357,1 358,2 360,2 0,1
438,1 361,1 356,1 425,1 355,1 424,1 360,1 0,1
438,1 136,1 361,1 191,1 194,1 358,1 139,1 0,1
438,1 136,1 425,1 137,1 360,1 423,1 196,1 0,1
438,1 453,1 361,1 357,1 423,1 525,1 360,1 0,1
438,1 361,1 190,1 136,1 429,1 195,1 360,1 0,1
145,1 426,1 354,1 192,1 358,1 360,1 359,1 0,1
438,1 361,1 356,1 138,1 141,1 139,1 196,1 0,1
438,1 190,1 191,1 426,1 141,1 194,1 423,1 0,1
438,1 425,1 140,1 361,1 355,1 194,1 358,1 0,1
438,1 425,1 428,1 426,1 358,1 195,1 196,1 0,1
438,1 137,1 356,1 136,1 424,1 359,1 192,1 0,1
438,1 361,1 354,1 424,1 359,1 139,1 427,1 0,1
548,1 361,1 445,1 359,1 357,1 358,1 360,1 0,1
438,1 361,1 354,1 357,1 525,1 341,1 523,1 0,1
438,1 428,1 361,1 354,1 543,1 195,1 192,1 0,1
438,1 136,1 193,1 424,1 354,1 423,1 196,1 0,1
438,1 361,1 190,1 138,1 424,1 354,1 360,1 0,1
438,1 140,1 425,1 193,1 424,1 359,1 360,1 0,1
438,2 361,2 342,1 341,1 525,1 360,1 357,1 0,1
438,1 356,1 193,1 359,1 194,1 195,1 358,1 0,1
438,1 428,1 361,1 191,1 194,1 423,1 196,1 0,1
438,1 136,1 190,1 353,1 138,1 358,1 195,1 0,1
438,1 356,1 353,1 135,1 354,1 141,1 192,1 0,1
438,1 353,1 425,1 361,1 136,1 193,1 141,1 0,1
438,2 357,2 358,2 360,2 361,2 423,1 425,3 0,1
438,1 356,1 190,1 353,1 135,1 360,1 192,1 0,1
145,1 349,1 543,1 544,1 526,1 527,1 453,1 0,1
438,1 361,1 136,1 190,1 424,1 360,1 423,1 0,1
438,1 356,1 137,1 191,1 355,1 424,1 141,1 0,1
438,1 190,1 193,1 135,1 426,1 192,1 196,1 0,1
438,1 428,1 140,1 136,1 141,1 360,1 192,1 0,1
145,1 361,1 425,1 354,1 423,1 557,1 195,1 0,1
438,1 140,1 361,1 341,1 429,1 192,1 360,1 0,1
438,2 361,2 354,3 362,1 138,1 141,1 357,3 0,1
449,1 475,1 242,1 357,1 199,1 0,0 0,0 0,1
438,1 425,1 191,1 193,1 357,1 194,1 192,1 0,1
438,1 361,1 430,1 357,1 525,1 358,1 427,1 0,1
438,2 361,2 342,1 357,2 360,2 525,1 358,2 0,2
438,2 342,1 353,3 357,3 361,1 362,2 0,0 0,1
438,1 361,1 544,1 353,1 193,1 138,1 360,1 0,1
438,1 137,1 355,1 190,1 141,1 543,1 360,1 0,1
438,2 361,2 359,2 362,1 448,1 358,1 357,3 0,1
438,1 136,1 356,1 353,1 190,1 191,1 427,1 0,1
438,1 361,1 340,1 357,1 525,1 360,1 350,1 0,1
438,2 361,2 354,3 357,3 364,1 351,2 362,1 0,1
438,2 361,2 354,3 242,3 525,2 357,3 544,3 0,1
145,1 361,1 425,1 354,1 430,1 360,1 195,1 0,1
438,1 190,1 136,1 191,1 355,1 357,1 135,1 0,1
438,2 361,1 355,3 341,1 358,2 357,3 458,1 0,1
438,2 361,1 138,1 0,0 0,0 0,0 0,0 0,1
438,2 353,3 354,2 357,3 525,2 361,2 362,1 0,2
438,2 342,1 357,3 366,1 358,2 351,2 445,1 0,1
438,2 475,2 354,3 351,2 357,3 525,2 445,1 0,1
438,2 361,2 425,2 354,2 341,2 357,3 360,2 0,1
438,1 136,1 140,1 138,1 358,1 196,1 427,1 0,1
548,2 544,1 527,1 543,1 525,1 526,1 0,0 0,1
438,2 361,2 357,3 351,1 364,1 358,1 445,1 0,1
548,1 524,1 428,1 543,1 429,1 351,1 526,1 0,1
438,2 361,2 366,1 341,2 362,1 357,3 195,1 0,1
438,1 140,1 361,1 354,1 357,1 360,1 351,1 0,1
438,2 361,2 425,1 354,3 341,2 357,1 360,1 0,1
235,1 342,1 542,1 282,2 445,1 237,1 360,2 0,1
548,2 544,3 527,2 543,2 525,1 526,2 0,0 0,1
553,1 361,2 354,3 357,3 341,2 445,1 524,1 0,1
438,2 357,3 358,2 360,2 361,1 423,2 425,3 0,2
438,2 361,1 430,2 523,1 362,1 525,2 364,2 0,1
438,1 137,1 140,1 355,1 191,1 357,1 359,1 0,1
438,1 342,1 341,1 357,1 359,1 351,1 358,1 0,1
438,1 137,1 136,1 425,1 141,1 423,1 192,1 0,1
438,2 361,1 342,1 341,1 525,2 360,2 357,2 0,1
438,1 527,1 191,1 355,1 138,1 429,1 195,1 0,1
438,1 361,1 364,1 366,1 0,0 0,0 0,0 0,1
145,1 525,1 542,1 0,0 0,0 0,0 0,0 0,1
438,1 425,1 361,1 357,1 138,1 543,1 360,1 0,1
438,1 361,1 542,1 523,1 357,1 360,1 135,1 0,1
438,1 425,1 190,1 356,1 191,1 424,1 139,1 0,1
553,1 361,2 357,3 360,2 445,1 353,3 362,1 0,1
438,1 526,1 356,1 361,1 354,1 194,1 423,1 0,1
438,1 190,1 425,1 138,1 196,1 423,1 139,1 0,1
438,2 340,3 365,1 357,3 458,1 351,2 366,1 0,1
438,2 361,2 354,3 341,2 357,3 360,2 342,1 0,1
438,2 353,3 354,3 357,3 525,2 361,1 362,1 0,1
438,2 525,1 342,1 458,1 361,2 357,1 360,1 0,1
438,2 342,1 542,1 357,3 341,2 360,1 361,1 0,1
