240,2 409,3 348,2 0,0 0,0 0,0 0,0 1,1
224,2 348,2 0,0 0,0 0,0 0,0 0,0 2,2
442,1 380,1 348,2 0,0 0,0 0,0 0,0 1,1
224,1 436,1 398,1 426,1 0,0 0,0 0,0 1,1
503,1 348,1 0,0 0,0 0,0 0,0 0,0 1,1
291,1 408,1 436,1 0,0 0,0 0,0 0,0 1,1
503,2 366,1 361,3 364,2 0,0 0,0 0,0 1,1
291,1 394,1 436,1 0,0 0,0 0,0 0,0 2,2
240,1 409,2 348,1 0,0 0,0 0,0 0,0 2,2
224,2 366,1 348,2 0,0 0,0 0,0 0,0 1,1
240,1 381,2 348,1 0,0 0,0 0,0 0,0 4,4
224,1 289,1 398,1 0,0 0,0 0,0 0,0 67,74
224,1 361,1 346,1 0,0 0,0 0,0 0,0 5,6
442,1 348,2 0,0 0,0 0,0 0,0 0,0 17,21
503,2 348,2 0,0 0,0 0,0 0,0 0,0 8,10
442,1 366,1 348,2 0,0 0,0 0,0 0,0 3,4
240,1 353,1 348,1 0,0 0,0 0,0 0,0 23,37
240,1 381,1 348,1 0,0 0,0 0,0 0,0 10,19
224,1 409,1 345,1 0,0 0,0 0,0 0,0 43,83
552,1 514,1 542,1 0,0 0,0 0,0 0,0 1,2
224,1 514,1 373,1 0,0 0,0 0,0 0,0 1,2
442,1 348,1 0,0 0,0 0,0 0,0 0,0 1,2
262,2 348,2 0,0 0,0 0,0 0,0 0,0 1,2
224,1 136,1 353,1 361,1 0,0 0,0 0,0 3,6
503,2 348,1 0,0 0,0 0,0 0,0 0,0 1,2
240,1 353,2 348,1 0,0 0,0 0,0 0,0 1,2
240,1 409,1 348,1 0,0 0,0 0,0 0,0 6,13
224,1 348,1 0,0 0,0 0,0 0,0 0,0 20,45
224,1 388,1 0,0 0,0 0,0 0,0 0,0 7,17
240,1 348,1 0,0 0,0 0,0 0,0 0,0 5,13
224,1 349,1 0,0 0,0 0,0 0,0 0,0 1,3
224,1 345,1 409,1 0,0 0,0 0,0 0,0 1,3
224,1 394,1 339,1 0,0 0,0 0,0 0,0 3,9
224,1 152,1 0,0 0,0 0,0 0,0 0,0 1,4
552,2 428,2 427,1 0,0 0,0 0,0 0,0 0,1
224,1 361,1 427,1 0,0 0,0 0,0 0,0 0,3
224,1 348,1 380,1 0,0 0,0 0,0 0,0 0,1
262,1 348,1 0,0 0,0 0,0 0,0 0,0 0,2
442,1 436,1 346,2 0,0 0,0 0,0 0,0 0,1
552,1 544,1 0,0 0,0 0,0 0,0 0,0 0,4
224,2 348,1 0,0 0,0 0,0 0,0 0,0 0,1
224,1 348,1 366,1 0,0 0,0 0,0 0,0 0,1
224,1 395,1 398,1 401,1 0,0 0,0 0,0 0,1
552,2 544,2 0,0 0,0 0,0 0,0 0,0 0,1
224,1 426,1 0,0 0,0 0,0 0,0 0,0 0,1
