240,2 348,2 346,3 0,0 0,0 0,0 0,0 1,1
552,1 422,1 320,1 0,0 0,0 0,0 0,0 1,1
442,1 409,3 455,2 414,2 346,2 420,1 422,1 1,1
442,1 533,2 0,0 0,0 0,0 0,0 0,0 1,1
224,1 368,1 0,0 0,0 0,0 0,0 0,0 1,1
291,1 408,1 289,1 0,0 0,0 0,0 0,0 1,1
503,2 380,1 373,2 426,3 336,1 0,0 0,0 1,1
442,1 426,3 436,1 346,2 0,0 0,0 0,0 1,1
442,1 361,1 346,2 366,1 426,3 0,0 0,0 1,1
240,1 361,1 359,1 353,1 366,1 0,0 0,0 1,1
224,1 343,1 344,1 0,0 0,0 0,0 0,0 2,2
552,1 515,1 0,0 0,0 0,0 0,0 0,0 1,1
224,1 343,1 344,1 542,1 0,0 0,0 0,0 1,1
200,1 426,3 546,1 359,2 357,3 366,1 0,0 1,1
224,1 343,1 345,1 0,0 0,0 0,0 0,0 1,2
224,1 339,1 0,0 0,0 0,0 0,0 0,0 2,4
224,1 353,1 426,1 351,1 346,1 0,0 0,0 1,2
224,1 349,1 0,0 0,0 0,0 0,0 0,0 1,3
224,1 514,1 515,1 0,0 0,0 0,0 0,0 1,4
224,1 533,1 0,0 0,0 0,0 0,0 0,0 2,8
224,1 367,1 0,0 0,0 0,0 0,0 0,0 0,1
262,2 348,2 409,3 422,1 0,0 0,0 0,0 0,1
200,1 343,3 411,3 351,1 414,2 0,0 0,0 0,1
442,1 426,3 394,1 346,2 452,3 392,1 0,0 0,1
224,1 368,1 346,1 0,0 0,0 0,0 0,0 0,1
442,1 426,1 394,1 346,2 452,3 392,1 0,0 0,2
442,1 348,1 0,0 0,0 0,0 0,0 0,0 0,1
224,1 353,1 0,0 0,0 0,0 0,0 0,0 0,9
442,1 533,3 0,0 0,0 0,0 0,0 0,0 0,1
224,1 348,1 546,1 0,0 0,0 0,0 0,0 0,1
224,1 426,1 0,0 0,0 0,0 0,0 0,0 0,1
552,2 515,3 0,0 0,0 0,0 0,0 0,0 0,1
