156,2 460,1 409,1 0,0 0,0 0,0 0,0 1,1
261,2 412,3 411,1 351,1 0,0 0,0 0,0 1,1
261,2 426,3 409,3 351,2 411,3 277,1 0,0 1,1
261,2 412,3 411,3 351,2 0,0 0,0 0,0 1,1
156,2 533,3 0,0 0,0 0,0 0,0 0,0 1,1
156,1 409,1 411,1 146,1 0,0 0,0 0,0 1,1
261,2 409,3 198,2 448,1 0,0 0,0 0,0 1,1
441,2 409,3 295,1 0,0 0,0 0,0 0,0 1,1
261,2 409,3 426,3 411,3 351,2 277,1 0,0 1,1
156,1 412,1 424,1 411,1 0,0 0,0 0,0 1,1
156,1 409,1 418,1 288,1 0,0 0,0 0,0 1,1
156,2 412,3 411,3 351,2 0,0 0,0 0,0 1,1
156,1 412,1 448,1 411,1 0,0 0,0 0,0 1,1
156,2 412,2 411,3 351,2 0,0 0,0 0,0 1,1
261,1 409,1 426,1 345,1 0,0 0,0 0,0 13,16
261,1 412,1 418,1 411,1 0,0 0,0 0,0 33,46
261,1 412,1 411,1 351,1 0,0 0,0 0,0 12,20
156,1 426,1 409,1 345,1 0,0 0,0 0,0 30,58
156,1 533,1 0,0 0,0 0,0 0,0 0,0 261,521
156,1 409,1 426,1 345,1 0,0 0,0 0,0 12,24
441,2 412,3 409,3 411,3 426,3 0,0 0,0 1,2
156,2 533,2 0,0 0,0 0,0 0,0 0,0 1,2
156,1 412,1 411,1 418,1 0,0 0,0 0,0 1,2
441,2 460,1 409,2 0,0 0,0 0,0 0,0 2,4
156,1 460,1 409,1 0,0 0,0 0,0 0,0 20,48
441,1 532,1 409,1 0,0 0,0 0,0 0,0 4,10
156,1 460,1 426,1 409,1 0,0 0,0 0,0 6,17
156,1 412,1 409,1 148,1 0,0 0,0 0,0 1,3
156,1 412,1 351,1 411,1 0,0 0,0 0,0 1,3
156,1 409,1 345,1 426,1 0,0 0,0 0,0 4,17
441,2 460,1 409,3 0,0 0,0 0,0 0,0 4,23
441,1 409,1 532,1 0,0 0,0 0,0 0,0 1,7
441,1 425,1 409,1 0,0 0,0 0,0 0,0 1,11
441,2 409,3 426,3 411,3 351,2 0,0 0,0 0,1
551,2 542,2 448,1 0,0 0,0 0,0 0,0 0,1
156,1 412,1 411,1 542,1 0,0 0,0 0,0 0,1
441,1 412,1 409,1 411,1 0,0 0,0 0,0 0,4
261,2 542,2 351,2 411,3 0,0 0,0 0,0 0,1
441,1 532,1 426,1 0,0 0,0 0,0 0,0 0,7
156,1 150,1 411,1 424,1 0,0 0,0 0,0 0,1
261,1 412,1 542,1 411,1 0,0 0,0 0,0 0,1
441,1 409,1 412,1 191,1 426,1 0,0 0,0 0,1
156,1 412,1 542,1 411,1 0,0 0,0 0,0 0,2
156,1 542,1 412,1 411,1 0,0 0,0 0,0 0,1
441,2 409,3 532,3 0,0 0,0 0,0 0,0 0,3
441,1 460,1 409,1 0,0 0,0 0,0 0,0 0,3
156,1 345,1 426,1 409,1 0,0 0,0 0,0 0,1
441,2 409,3 412,3 411,3 0,0 0,0 0,0 0,2
441,1 409,1 425,1 0,0 0,0 0,0 0,0 0,3
441,1 409,1 411,1 351,1 426,1 0,0 0,0 0,1
441,2 460,1 409,1 0,0 0,0 0,0 0,0 0,1
502,1 426,1 411,2 351,1 409,1 0,0 0,0 0,1
156,1 412,1 411,1 351,1 0,0 0,0 0,0 0,2
551,1 409,1 318,1 0,0 0,0 0,0 0,0 0,1
156,1 345,1 409,1 426,1 0,0 0,0 0,0 0,1
441,1 409,1 345,1 0,0 0,0 0,0 0,0 0,2
441,2 409,3 532,2 0,0 0,0 0,0 0,0 0,1
156,1 409,1 411,1 351,1 426,1 0,0 0,0 0,1
156,1 412,1 351,1 542,1 0,0 0,0 0,0 0,2
441,1 425,1 426,1 0,0 0,0 0,0 0,0 0,12
441,2 409,1 411,1 276,1 426,1 0,0 0,0 0,1
441,1 409,1 150,1 426,1 542,1 0,0 0,0 0,1
441,2 412,3 409,3 351,2 426,3 0,0 0,0 0,1
261,2 426,3 409,3 277,1 276,1 418,2 0,0 0,1
441,1 412,1 409,1 411,1 426,1 0,0 0,0 0,1
441,2 412,3 409,3 426,3 411,2 0,0 0,0 0,1
156,1 426,1 350,1 0,0 0,0 0,0 0,0 0,1
441,1 412,1 146,1 0,0 0,0 0,0 0,0 0,1
441,1 409,1 412,1 411,1 0,0 0,0 0,0 0,4
441,2 409,3 411,3 351,2 426,3 0,0 0,0 0,1
156,2 409,3 411,3 416,2 0,0 0,0 0,0 0,1
261,1 533,1 0,0 0,0 0,0 0,0 0,0 0,1
441,1 412,1 195,1 0,0 0,0 0,0 0,0 0,1
441,1 412,1 148,1 0,0 0,0 0,0 0,0 0,1
441,1 409,1 0,0 0,0 0,0 0,0 0,0 0,1
441,1 409,1 411,1 150,1 426,1 0,0 0,0 0,1
156,1 532,1 409,1 426,1 0,0 0,0 0,0 0,1
