262,2 210,1 0,0 0,0 0,0 0,0 0,0 1,1
262,2 339,1 0,0 0,0 0,0 0,0 0,0 1,1
442,1 436,1 402,2 0,0 0,0 0,0 0,0 2,2
224,1 458,1 341,1 0,0 0,0 0,0 0,0 1,1
240,1 436,1 270,1 0,0 0,0 0,0 0,0 1,1
442,1 436,1 402,1 0,0 0,0 0,0 0,0 3,3
503,1 436,1 496,1 0,0 0,0 0,0 0,0 1,1
552,2 429,1 415,1 0,0 0,0 0,0 0,0 1,1
240,2 436,1 362,2 0,0 0,0 0,0 0,0 1,1
200,1 436,1 371,3 0,0 0,0 0,0 0,0 1,1
224,1 436,1 402,1 0,0 0,0 0,0 0,0 31,39
552,1 339,1 0,0 0,0 0,0 0,0 0,0 9,13
442,1 436,1 448,1 0,0 0,0 0,0 0,0 1,2
224,1 339,1 0,0 0,0 0,0 0,0 0,0 5,10
442,1 436,1 341,2 0,0 0,0 0,0 0,0 1,2
442,1 436,1 363,1 0,0 0,0 0,0 0,0 1,2
224,1 345,1 418,1 0,0 0,0 0,0 0,0 10,28
552,1 513,1 0,0 0,0 0,0 0,0 0,0 1,3
224,1 372,1 0,0 0,0 0,0 0,0 0,0 5,16
552,2 339,1 0,0 0,0 0,0 0,0 0,0 1,4
224,1 345,1 0,0 0,0 0,0 0,0 0,0 1,4
552,2 429,1 0,0 0,0 0,0 0,0 0,0 0,1
224,1 429,1 0,0 0,0 0,0 0,0 0,0 0,2
200,1 371,3 429,2 0,0 0,0 0,0 0,0 0,1
503,1 153,1 436,1 0,0 0,0 0,0 0,0 0,1
262,1 436,1 341,1 0,0 0,0 0,0 0,0 0,1
224,1 371,1 0,0 0,0 0,0 0,0 0,0 0,2
442,1 429,1 0,0 0,0 0,0 0,0 0,0 0,1
224,1 513,1 373,1 0,0 0,0 0,0 0,0 0,3
552,1 522,1 0,0 0,0 0,0 0,0 0,0 0,1
224,1 402,1 0,0 0,0 0,0 0,0 0,0 0,1
240,1 371,2 448,1 0,0 0,0 0,0 0,0 0,1
224,1 183,1 371,1 0,0 0,0 0,0 0,0 0,1
224,1 429,1 194,1 0,0 0,0 0,0 0,0 0,1
552,1 345,1 0,0 0,0 0,0 0,0 0,0 0,1
