438,2 525,2 427,1 358,2 0,0 0,0 0,0 1,1
145,2 199,1 0,0 0,0 0,0 0,0 0,0 1,1
438,2 350,2 0,0 0,0 0,0 0,0 0,0 2,2
438,2 350,2 364,1 0,0 0,0 0,0 0,0 1,1
438,2 427,2 431,1 364,1 0,0 0,0 0,0 1,1
145,1 542,1 427,1 364,1 358,1 0,0 0,0 1,1
438,2 542,2 525,1 364,1 0,0 0,0 0,0 1,1
145,1 542,1 197,1 0,0 0,0 0,0 0,0 1,1
438,1 478,1 0,0 0,0 0,0 0,0 0,0 1,1
145,2 542,2 197,1 0,0 0,0 0,0 0,0 1,1
145,2 282,2 139,1 358,2 0,0 0,0 0,0 2,2
145,1 542,1 543,1 0,0 0,0 0,0 0,0 1,1
145,1 542,1 350,1 0,0 0,0 0,0 0,0 199,330
145,1 282,1 139,1 358,1 0,0 0,0 0,0 76,143
438,1 195,1 196,1 0,0 0,0 0,0 0,0 1,2
548,1 542,1 525,1 0,0 0,0 0,0 0,0 1,2
548,1 350,1 0,0 0,0 0,0 0,0 0,0 1,2
438,2 427,1 525,2 358,2 0,0 0,0 0,0 2,4
438,2 427,2 525,1 358,2 0,0 0,0 0,0 1,2
438,2 350,2 364,2 0,0 0,0 0,0 0,0 1,2
438,2 427,1 431,1 364,1 0,0 0,0 0,0 1,2
145,1 139,1 0,0 0,0 0,0 0,0 0,0 1,2
438,2 350,1 427,1 0,0 0,0 0,0 0,0 1,2
553,1 350,2 0,0 0,0 0,0 0,0 0,0 1,2
438,1 139,1 195,1 0,0 0,0 0,0 0,0 1,2
145,1 350,1 358,1 0,0 0,0 0,0 0,0 6,13
145,1 350,1 364,1 0,0 0,0 0,0 0,0 14,33
145,1 427,1 196,1 525,1 0,0 0,0 0,0 12,34
438,1 350,1 427,1 0,0 0,0 0,0 0,0 3,9
145,1 139,1 358,1 427,1 0,0 0,0 0,0 1,3
145,1 542,1 196,1 358,1 0,0 0,0 0,0 7,23
145,1 427,1 196,1 358,1 0,0 0,0 0,0 11,42
438,2 350,2 427,1 0,0 0,0 0,0 0,0 1,4
145,1 350,1 427,1 0,0 0,0 0,0 0,0 3,12
438,2 350,2 427,2 0,0 0,0 0,0 0,0 1,5
145,1 542,1 525,1 358,1 0,0 0,0 0,0 6,31
548,1 543,1 0,0 0,0 0,0 0,0 0,0 1,6
438,2 423,3 358,2 0,0 0,0 0,0 0,0 2,15
438,2 427,1 525,1 358,2 0,0 0,0 0,0 2,17
438,2 427,1 360,2 0,0 0,0 0,0 0,0 2,24
438,1 427,1 360,1 0,0 0,0 0,0 0,0 1,16
438,1 195,1 525,1 0,0 0,0 0,0 0,0 0,3
438,1 423,1 358,1 0,0 0,0 0,0 0,0 0,21
438,1 525,1 427,1 358,1 0,0 0,0 0,0 0,2
438,1 358,1 427,1 139,1 0,0 0,0 0,0 0,2
438,1 360,1 427,1 0,0 0,0 0,0 0,0 0,4
438,2 542,1 427,2 358,2 0,0 0,0 0,0 0,1
438,1 358,1 423,1 0,0 0,0 0,0 0,0 0,1
145,1 427,1 139,1 358,1 0,0 0,0 0,0 0,3
438,1 427,1 423,1 0,0 0,0 0,0 0,0 0,1
438,2 427,1 358,2 525,2 0,0 0,0 0,0 0,1
438,1 427,1 542,1 525,1 0,0 0,0 0,0 0,3
438,1 543,1 427,1 0,0 0,0 0,0 0,0 0,3
438,2 478,1 0,0 0,0 0,0 0,0 0,0 0,1
438,2 358,2 427,1 139,2 0,0 0,0 0,0 0,2
438,1 427,1 525,1 358,1 0,0 0,0 0,0 0,3
553,1 350,1 0,0 0,0 0,0 0,0 0,0 0,1
438,2 427,1 350,2 0,0 0,0 0,0 0,0 0,1
438,2 360,2 0,0 0,0 0,0 0,0 0,0 0,2
438,1 139,1 196,1 0,0 0,0 0,0 0,0 0,1
438,1 525,1 196,1 0,0 0,0 0,0 0,0 0,1
145,1 543,1 0,0 0,0 0,0 0,0 0,0 0,1
145,1 358,1 427,1 196,1 0,0 0,0 0,0 0,3
438,1 445,1 0,0 0,0 0,0 0,0 0,0 0,1
438,2 542,1 525,2 364,1 0,0 0,0 0,0 0,1
438,2 350,1 0,0 0,0 0,0 0,0 0,0 0,1
438,1 350,1 0,0 0,0 0,0 0,0 0,0 0,2
145,1 350,1 0,0 0,0 0,0 0,0 0,0 0,2
145,1 199,1 0,0 0,0 0,0 0,0 0,0 0,1
438,2 542,1 431,1 0,0 0,0 0,0 0,0 0,1
438,2 139,2 358,2 427,1 0,0 0,0 0,0 0,1
438,1 358,1 427,1 196,1 0,0 0,0 0,0 0,2
438,1 192,1 358,1 0,0 0,0 0,0 0,0 0,1
145,1 542,1 358,1 525,1 0,0 0,0 0,0 0,1
145,1 431,1 358,1 427,1 0,0 0,0 0,0 0,1
438,1 360,1 0,0 0,0 0,0 0,0 0,0 0,1
145,1 139,1 427,1 358,1 0,0 0,0 0,0 0,1
438,2 525,1 364,1 542,1 0,0 0,0 0,0 0,1
438,1 196,1 542,1 427,1 0,0 0,0 0,0 0,1
438,2 427,1 525,2 358,1 0,0 0,0 0,0 0,1
438,1 427,1 195,1 0,0 0,0 0,0 0,0 0,1
438,1 542,1 358,1 427,1 0,0 0,0 0,0 0,1
145,1 427,1 0,0 0,0 0,0 0,0 0,0 0,1
438,1 195,1 358,1 0,0 0,0 0,0 0,0 0,1
548,2 542,1 525,1 0,0 0,0 0,0 0,0 0,1
548,2 543,2 0,0 0,0 0,0 0,0 0,0 0,2
548,2 543,3 0,0 0,0 0,0 0,0 0,0 0,1
