441,2 152,1 413,2 531,2 541,1 344,2 417,1 4,4
441,2 413,1 151,1 152,1 423,2 150,1 417,2 1,1
441,1 413,1 541,1 344,1 531,1 417,1 152,1 1,1
441,2 152,1 413,1 531,1 541,1 344,2 417,1 2,2
441,2 444,1 419,1 351,2 350,2 418,1 411,3 1,1
441,2 533,1 152,1 531,1 417,2 344,1 409,3 1,1
441,2 152,1 413,3 531,1 541,1 344,1 417,1 3,3
441,1 412,1 444,1 531,1 344,1 415,1 417,1 1,1
441,2 533,3 343,3 150,2 419,1 417,1 531,1 1,1
463,1 343,3 486,3 421,1 485,3 414,2 345,2 1,1
441,2 533,1 343,3 150,1 417,1 531,1 419,1 1,1
551,1 542,1 533,1 531,1 345,1 532,1 0,0 2,2
463,1 413,3 531,2 421,1 415,2 417,2 150,1 1,1
441,2 533,3 541,1 531,2 350,2 417,1 427,1 1,1
441,1 533,1 415,1 344,1 541,1 531,1 417,1 1,1
551,2 542,2 533,3 531,1 344,1 414,1 345,2 1,1
441,2 413,3 541,1 351,2 531,1 350,2 419,1 1,1
156,2 444,1 243,2 351,2 429,2 242,3 422,1 1,1
441,2 413,3 345,1 541,1 542,2 419,1 531,1 1,1
441,2 412,3 444,1 531,1 344,2 415,2 417,2 1,1
441,2 152,1 413,1 531,1 541,1 344,2 417,2 2,2
441,2 152,1 413,2 531,1 541,1 344,1 417,1 1,1
441,2 444,1 419,1 351,2 429,1 418,2 417,2 1,1
441,2 413,3 152,1 531,1 417,1 419,1 0,0 1,1
441,2 152,1 413,2 531,2 541,2 344,2 417,1 1,1
441,2 413,1 195,1 150,1 531,2 417,2 152,1 1,1
551,1 343,1 533,1 531,1 345,1 532,1 0,0 1,1
551,2 542,1 533,3 414,1 344,2 531,1 417,1 1,1
441,2 413,2 151,1 152,1 423,2 150,1 417,2 1,1
551,1 343,1 533,1 531,1 344,1 532,1 319,1 1,1
441,1 413,1 541,1 531,1 415,1 417,1 152,1 1,1
551,1 542,1 413,1 531,1 345,1 415,1 417,1 1,1
441,1 152,1 410,1 531,1 423,1 417,1 344,1 1,1
441,2 413,3 530,1 542,1 419,1 531,1 417,1 1,1
551,2 542,2 533,2 414,1 344,2 531,2 417,1 3,3
441,2 152,1 413,3 531,2 541,1 344,2 417,1 2,2
551,2 542,2 533,2 414,2 344,1 531,1 417,2 1,1
441,2 152,1 413,2 531,1 541,1 344,1 417,2 2,2
441,2 532,1 485,1 411,3 344,2 531,1 417,2 1,1
551,2 542,1 533,2 344,1 424,2 531,1 345,1 1,1
441,2 413,3 424,1 345,1 344,2 419,1 350,2 1,1
551,2 542,1 533,2 344,1 424,3 531,1 345,1 2,2
551,2 542,1 533,3 344,1 424,3 531,1 345,2 1,1
441,2 152,1 413,3 531,2 541,2 344,2 417,2 1,1
441,2 152,1 488,1 422,1 344,2 417,1 531,2 1,1
441,2 413,3 541,1 344,2 531,1 419,1 417,1 1,1
551,2 542,2 533,2 414,2 344,2 531,2 417,2 1,1
441,2 152,1 413,1 531,2 541,1 344,2 417,2 1,1
551,2 542,2 533,2 344,1 424,1 531,1 345,1 1,1
441,2 413,1 423,3 152,1 195,1 150,1 417,2 1,1
441,2 413,3 423,3 152,1 195,2 150,1 417,2 1,1
551,2 542,1 533,2 414,2 344,1 531,2 417,2 1,1
441,2 413,3 423,2 152,1 195,1 150,1 417,2 3,3
441,2 533,2 541,1 531,1 344,2 417,2 415,2 1,1
441,2 533,3 541,1 531,1 344,2 417,2 415,2 1,1
551,2 542,2 533,2 414,2 344,2 531,1 417,2 1,1
441,2 152,1 413,2 531,2 541,1 344,1 417,2 1,1
551,2 542,1 533,2 344,1 424,3 531,1 345,2 1,1
502,1 533,2 448,1 344,1 417,1 414,1 529,1 1,1
502,1 542,1 533,2 488,1 411,2 417,1 344,1 1,1
551,2 542,1 533,3 414,1 344,2 531,2 417,2 1,1
551,2 542,2 533,3 344,1 424,3 531,1 345,1 1,1
441,2 533,2 152,2 150,2 344,2 417,2 148,3 1,1
441,2 533,2 413,3 531,2 150,1 541,1 417,2 2,2
551,2 428,1 533,3 531,2 344,2 424,1 417,1 1,1
441,2 542,1 533,2 345,2 344,2 417,2 423,3 1,1
502,2 152,3 488,2 424,3 420,2 531,2 344,2 1,1
441,2 413,3 345,2 421,1 415,2 417,2 344,2 1,1
551,1 542,1 533,1 541,1 344,1 417,1 531,1 1,1
551,2 542,2 533,3 414,2 344,1 531,2 417,2 1,1
551,2 542,2 533,2 344,1 424,3 531,1 345,2 1,1
551,1 542,1 533,1 344,1 531,1 424,1 417,1 2,2
551,2 542,1 533,3 344,2 424,3 531,1 345,2 1,1
551,2 533,2 321,1 485,3 411,3 414,2 351,2 1,1
441,2 542,1 444,1 541,1 531,2 417,2 344,2 1,1
551,2 542,1 533,3 344,2 424,3 531,2 345,2 1,1
441,1 413,1 349,1 541,1 531,1 417,1 423,1 1,1
441,2 152,1 413,2 531,1 541,2 344,2 417,2 1,1
463,1 413,3 531,1 421,1 415,2 417,2 150,1 1,1
551,2 542,1 533,3 414,1 344,1 531,2 417,2 1,1
551,2 542,1 533,2 344,1 424,1 531,2 345,1 1,1
551,2 542,1 533,3 344,2 424,3 531,2 345,1 1,1
551,2 542,2 533,2 344,1 531,1 424,3 417,1 1,1
261,1 152,1 414,1 242,1 541,1 417,1 345,1 1,1
441,1 413,1 152,1 415,1 531,1 196,1 417,1 1,1
551,2 542,2 533,3 344,1 424,1 531,2 345,2 1,1
441,2 533,3 413,3 531,2 150,1 541,2 417,2 1,1
441,1 190,1 152,1 193,1 411,1 146,1 417,1 1,1
441,2 152,1 413,3 531,1 541,1 344,2 417,2 9,10
441,2 152,1 413,2 531,1 541,1 344,2 417,2 9,10
441,2 152,1 413,3 531,1 541,1 344,2 417,1 7,8
551,2 542,1 533,2 344,1 424,1 531,1 345,1 10,12
551,2 542,1 533,2 414,1 344,1 531,2 417,1 8,10
441,2 152,1 413,3 531,1 541,1 344,1 417,2 4,5
441,2 413,1 195,1 150,1 531,2 417,1 152,1 3,4
551,2 542,2 533,3 414,1 344,1 531,1 417,1 3,4
441,2 413,3 423,1 152,1 195,1 150,1 417,2 6,8
441,2 152,1 413,2 531,1 541,1 344,2 417,1 6,8
441,2 413,2 195,1 150,1 531,1 417,2 152,1 12,16
441,2 533,3 152,1 531,2 417,2 344,1 409,3 5,7
551,2 542,2 533,3 344,1 424,1 531,1 345,1 7,10
551,1 542,1 533,1 531,1 344,1 414,1 345,1 25,37
551,1 542,1 533,1 344,1 424,1 531,1 345,1 90,134
441,2 533,2 152,1 531,2 417,2 344,1 409,3 2,3
441,2 413,3 152,1 541,1 417,1 150,1 419,1 2,3
441,1 413,1 414,1 150,1 531,1 417,1 419,1 6,9
441,2 533,3 152,1 531,1 417,2 344,1 409,3 4,6
441,2 413,3 151,1 152,1 423,2 150,1 417,2 2,3
441,2 152,1 413,2 531,2 541,1 344,2 417,2 2,3
551,2 542,1 533,2 344,1 424,1 531,1 345,2 2,3
441,2 413,3 151,2 152,1 423,3 150,1 417,2 2,3
551,2 542,1 533,2 414,1 344,2 531,2 417,1 4,6
441,2 152,1 413,3 531,2 541,1 344,2 417,2 2,3
551,2 542,1 533,3 344,1 424,1 531,1 345,1 4,6
441,2 533,3 152,1 531,2 417,2 344,2 409,3 4,6
551,2 542,2 533,3 344,2 424,1 531,1 345,1 2,3
441,1 152,1 413,1 531,1 541,1 344,1 417,1 51,77
441,2 413,3 195,1 150,1 531,2 417,2 152,1 5,8
441,2 413,2 195,1 150,1 531,1 417,1 152,1 3,5
551,2 542,2 533,3 414,1 344,1 531,2 417,1 3,5
441,2 413,2 195,1 150,1 531,2 417,1 152,1 3,5
551,2 542,1 533,3 414,1 344,1 531,1 417,1 3,5
441,1 533,1 413,1 531,1 150,1 417,1 541,1 10,17
551,2 542,2 533,3 344,2 424,1 531,1 345,2 4,7
441,1 533,1 413,1 531,1 150,1 417,1 344,1 25,44
441,1 533,1 413,1 531,1 150,1 541,1 417,1 2,4
441,2 413,3 195,1 150,1 531,1 417,2 152,1 10,20
551,2 542,1 533,3 344,2 424,1 531,2 345,2 1,2
441,1 533,1 152,1 415,1 344,1 417,1 196,1 1,2
551,2 542,2 533,3 344,1 424,1 531,1 345,2 1,2
441,2 533,3 152,1 531,1 417,2 344,2 409,3 3,6
551,2 542,2 533,2 344,2 424,1 531,1 345,2 1,2
551,2 542,2 533,3 344,1 424,1 531,2 345,1 1,2
551,2 542,1 533,3 344,1 424,1 531,2 345,1 1,2
441,1 152,1 413,1 531,1 196,1 344,1 417,1 1,2
551,2 542,2 533,3 344,2 424,3 531,1 345,2 1,2
441,2 413,3 423,3 152,1 195,1 150,1 417,2 8,16
551,2 542,1 533,2 414,1 344,2 531,2 417,2 1,2
551,2 542,1 533,3 414,1 344,2 531,2 417,1 3,6
441,2 413,2 195,1 150,1 531,2 417,2 152,1 4,8
441,2 413,3 350,2 345,2 344,2 415,2 417,2 3,6
441,2 413,2 423,3 152,1 195,1 150,1 417,1 1,2
441,1 533,1 531,1 415,1 150,1 417,1 423,1 2,4
441,2 444,1 419,2 351,2 350,2 418,2 411,3 1,2
441,2 413,2 151,1 152,1 423,1 150,1 417,2 2,4
441,2 413,3 345,1 541,1 344,2 419,1 417,1 1,2
551,2 542,2 533,3 414,1 344,2 531,1 417,1 1,2
441,2 413,3 151,1 152,1 423,2 150,1 417,1 3,6
441,2 533,3 152,2 531,2 417,2 344,2 409,3 1,2
441,2 413,3 151,1 152,1 423,1 150,1 417,2 3,6
441,2 413,3 423,2 152,1 195,1 150,1 417,1 1,2
441,2 413,1 423,3 152,1 195,1 150,1 417,1 1,2
441,2 413,3 423,1 152,1 195,1 150,1 417,1 4,8
441,2 533,2 152,1 531,1 417,2 344,2 409,3 1,2
551,1 542,1 533,1 532,1 543,1 544,1 0,0 1,2
551,2 542,1 533,2 344,2 424,3 531,1 345,2 1,2
441,2 413,3 195,1 150,1 531,1 417,1 152,1 3,6
441,1 533,1 531,1 344,1 541,1 417,1 415,1 1,2
551,2 542,2 533,3 344,2 424,1 531,2 345,2 1,2
551,2 542,1 533,3 414,1 344,1 531,2 417,1 5,10
441,1 413,1 195,1 150,1 531,1 417,1 152,1 42,91
441,2 413,1 423,1 152,1 195,1 150,1 417,1 2,5
551,2 542,1 533,3 344,2 424,1 531,1 345,2 2,5
441,1 152,1 413,1 344,1 148,1 416,1 417,1 2,5
441,1 533,1 152,1 531,1 417,1 344,1 409,1 4,10
441,2 444,1 419,1 351,2 350,2 418,2 411,3 2,5
441,2 413,2 423,1 152,1 195,1 150,1 417,1 2,5
441,1 413,1 152,1 150,1 195,1 423,1 417,1 13,34
441,2 413,3 195,1 150,1 531,2 417,1 152,1 3,8
551,1 542,1 533,1 414,1 344,1 531,1 417,1 9,24
551,1 343,1 533,1 344,1 345,1 532,1 409,1 4,12
551,2 542,2 533,3 414,1 344,2 531,2 417,1 1,3
441,2 413,3 151,1 152,1 423,3 150,1 417,1 1,3
551,2 542,1 533,3 414,2 344,2 531,2 417,2 1,3
551,1 533,1 532,1 531,1 543,1 0,0 0,0 1,3
441,2 413,3 423,3 152,1 195,1 150,1 417,1 2,6
441,1 533,1 541,1 531,1 344,1 417,1 415,1 1,3
156,1 413,1 411,1 150,1 417,1 415,1 414,1 1,3
441,2 152,1 413,1 531,1 541,1 344,1 417,1 1,3
441,2 413,2 151,1 152,1 423,1 150,1 417,1 1,3
441,1 413,1 423,1 152,1 195,1 150,1 417,1 6,20
441,1 152,1 413,1 195,1 150,1 423,1 417,1 4,14
441,1 152,1 345,1 415,1 417,1 148,1 344,1 2,7
441,1 413,1 151,1 152,1 423,1 150,1 417,1 72,254
551,1 343,1 533,1 345,1 344,1 417,1 416,1 1,4
441,1 413,1 541,1 415,1 531,1 417,1 152,1 1,4
551,2 542,1 533,2 344,2 424,1 531,1 345,2 1,5
441,2 152,1 424,3 344,2 150,1 149,1 417,2 1,6
441,2 413,3 151,1 152,1 423,1 150,1 417,1 1,6
441,2 413,2 423,1 152,1 195,1 150,1 417,2 1,6
441,1 152,1 412,1 424,1 417,1 344,1 427,1 4,29
441,2 533,2 415,1 344,2 150,1 417,1 531,1 0,2
441,2 532,1 416,2 344,2 234,1 417,2 531,1 0,1
441,1 413,1 414,1 424,1 415,1 196,1 417,1 0,1
441,2 533,3 343,3 150,1 531,1 419,1 417,1 0,1
441,2 432,1 243,1 351,2 429,2 242,3 409,3 0,1
441,1 152,1 413,1 531,1 150,1 417,1 195,1 0,1
551,1 542,1 533,1 344,1 415,1 417,1 531,1 0,2
441,2 460,1 419,1 351,1 350,1 242,1 409,3 0,1
441,1 544,1 413,1 191,1 410,1 414,1 416,1 0,1
441,1 413,1 409,1 410,1 193,1 146,1 150,1 0,1
441,2 413,2 151,1 152,1 423,2 150,1 417,1 0,1
441,2 413,2 151,1 152,1 423,3 150,1 417,1 0,5
441,1 425,1 152,1 147,1 426,1 429,1 196,1 0,1
441,1 409,1 532,1 533,1 193,1 429,1 531,1 0,1
441,2 413,1 151,1 152,1 423,3 150,1 417,2 0,1
441,2 413,2 151,1 152,1 423,3 150,1 417,2 0,1
156,2 152,1 410,3 351,1 429,1 543,3 417,2 0,1
441,1 428,1 413,1 146,1 411,1 427,1 531,1 0,2
441,1 425,1 413,1 411,1 426,1 427,1 192,1 0,1
441,2 533,3 152,1 542,1 344,2 417,1 416,2 0,1
441,1 409,1 533,1 150,1 427,1 192,1 195,1 0,1
441,2 413,1 151,1 152,1 423,1 150,1 417,2 0,2
441,2 533,2 152,1 531,1 417,2 344,1 409,3 0,2
551,2 542,2 533,3 414,2 344,2 531,1 417,2 0,1
156,1 343,1 426,1 344,1 350,1 532,1 425,1 0,1
551,1 343,1 0,0 0,0 0,0 0,0 0,0 0,1
441,1 428,1 413,1 532,1 152,1 424,1 543,1 0,2
441,1 409,1 532,1 152,1 193,1 416,1 531,1 0,2
441,2 413,3 152,1 542,1 417,1 419,1 344,2 0,1
441,2 413,3 530,1 542,1 350,2 423,1 419,1 0,1
441,2 542,1 152,1 415,2 344,2 417,2 419,2 0,1
441,1 413,1 533,1 146,1 424,1 194,1 416,1 0,1
441,2 413,3 343,3 416,2 350,2 531,1 419,1 0,2
441,2 444,1 419,1 426,2 429,1 430,1 416,2 0,1
441,2 413,3 345,1 542,1 531,1 344,2 419,1 0,1
441,2 413,3 541,1 345,1 419,1 344,2 417,1 0,1
551,1 343,1 426,1 344,1 350,1 533,1 425,1 0,1
441,2 413,1 151,1 152,1 423,1 150,1 417,1 0,2
441,2 413,3 151,1 152,1 423,3 150,1 417,2 0,2
441,2 343,3 410,3 351,2 429,1 242,1 417,2 0,1
463,1 460,1 419,1 351,1 429,1 242,1 149,1 0,1
441,1 544,1 533,1 190,1 191,1 414,1 195,1 0,1
441,2 413,3 428,1 152,1 426,1 416,2 148,1 0,4
441,2 533,3 541,1 417,1 423,1 419,1 427,1 0,1
441,2 413,3 531,1 542,1 350,2 344,2 419,1 0,1
441,2 533,3 343,3 345,1 344,2 350,2 417,1 0,1
441,1 425,1 532,1 533,1 191,1 146,1 427,1 0,1
551,1 343,1 344,1 426,1 350,1 543,1 542,1 0,2
551,2 349,3 462,1 351,2 350,2 542,2 533,3 0,1
441,1 544,1 409,1 410,1 151,1 146,1 196,1 0,1
441,1 147,1 413,1 533,1 543,1 149,1 416,1 0,1
261,2 533,1 485,3 486,3 146,3 411,3 288,2 0,1
441,2 533,3 152,2 531,1 417,2 344,1 409,3 0,1
463,1 444,1 243,1 351,1 429,1 430,1 0,0 0,1
551,2 542,1 533,3 414,2 344,1 531,1 417,2 0,1
156,1 343,1 344,1 426,1 350,1 542,1 531,1 0,1
441,1 152,1 344,1 531,1 415,1 417,1 423,1 0,1
441,1 413,1 531,1 541,1 415,1 417,1 423,1 0,1
441,1 533,1 411,1 429,1 195,1 416,1 149,1 0,1
551,2 542,1 533,1 344,1 424,1 531,1 345,1 0,2
551,2 542,1 533,3 414,2 344,2 531,1 417,2 0,1
551,2 343,3 351,2 345,1 531,2 417,1 419,1 0,1
441,1 152,1 424,1 344,1 150,1 149,1 417,1 0,2
441,1 533,1 344,1 542,1 417,1 427,1 529,1 0,1
441,1 152,1 413,1 428,1 414,1 411,1 149,1 0,1
441,1 413,1 146,1 429,1 192,1 195,1 543,1 0,1
441,2 413,3 542,1 350,2 531,1 344,2 419,1 0,1
551,2 542,1 533,2 414,2 344,2 531,2 417,2 0,1
441,1 413,1 415,1 531,1 196,1 417,1 152,1 0,1
441,1 152,1 532,1 423,1 195,1 150,1 417,1 0,1
551,2 542,2 533,2 414,1 344,1 531,2 417,1 0,1
441,2 413,2 423,2 152,1 195,1 150,1 417,2 0,1
441,1 413,1 196,1 541,1 531,1 417,1 152,1 0,1
551,1 343,1 533,1 426,1 350,1 543,1 531,1 0,1
441,2 413,3 423,2 152,1 195,2 150,1 417,2 0,1
441,2 343,3 412,3 414,2 345,2 417,2 344,2 0,1
156,2 152,1 425,3 414,1 344,2 424,1 411,3 0,1
441,1 152,1 411,1 150,1 149,1 417,1 427,1 0,1
441,2 413,2 423,3 152,1 195,1 150,1 417,2 0,4
441,2 413,1 423,2 152,1 195,1 150,1 417,2 0,2
441,1 152,1 533,1 151,1 146,1 411,1 424,1 0,1
551,1 542,1 413,1 531,1 345,1 424,1 417,1 0,1
441,2 413,1 423,1 152,1 195,1 150,1 417,2 0,2
441,2 152,1 412,3 424,1 417,1 344,2 427,1 0,1
441,2 413,3 411,3 424,2 344,2 417,2 351,2 0,2
156,1 409,1 426,1 414,1 150,1 411,1 427,1 0,1
441,2 152,1 533,2 344,2 417,2 424,3 148,1 0,1
441,2 413,2 423,2 152,1 195,1 150,1 417,1 0,1
551,2 542,1 533,3 344,1 424,3 531,1 345,1 0,1
441,2 410,3 411,3 415,2 417,2 416,2 344,2 0,2
441,2 533,2 152,1 531,2 417,2 344,2 409,3 0,1
441,1 413,1 410,1 345,1 344,1 416,1 417,1 0,1
441,1 412,1 425,1 147,1 152,1 151,1 148,1 0,1
441,2 152,1 412,3 424,3 417,2 344,2 427,2 0,1
441,1 412,1 151,1 429,1 415,1 194,1 427,1 0,1
441,1 152,1 428,1 410,1 150,1 429,1 192,1 0,1
441,1 147,1 412,1 194,1 195,1 196,1 423,1 0,1
441,1 152,1 413,1 193,1 146,1 194,1 423,1 0,1
551,2 542,2 533,3 414,2 344,2 531,2 417,1 0,1
441,2 533,1 152,2 150,2 344,2 417,2 148,3 0,1
502,1 533,1 150,1 345,1 417,1 243,1 426,2 0,1
551,2 542,2 533,3 414,1 344,2 531,2 417,2 0,1
441,1 413,1 152,1 417,1 150,1 423,1 195,1 0,2
551,1 343,1 344,1 349,1 543,1 409,1 350,1 0,1
441,1 413,1 411,1 424,1 344,1 417,1 351,1 0,1
441,1 413,1 345,1 150,1 417,1 148,1 192,1 0,1
441,1 152,1 415,1 345,1 344,1 148,1 417,1 0,2
441,1 152,1 413,1 344,1 424,1 423,1 417,1 0,1
441,2 152,1 424,2 344,2 150,1 149,3 417,2 0,1
551,2 542,1 533,3 532,3 543,3 544,3 0,0 0,1
441,1 413,1 152,1 424,1 196,1 427,1 195,1 0,1
156,1 424,1 194,1 428,1 151,1 411,1 412,1 0,1
441,2 152,1 424,2 344,2 150,1 149,1 417,2 0,1
441,1 413,1 152,1 150,1 344,1 423,1 417,1 0,1
502,2 533,3 422,1 243,1 344,3 419,1 416,3 0,1
551,2 542,2 533,3 541,1 344,2 417,1 531,1 0,1
441,1 428,1 410,1 151,1 152,1 423,1 0,0 0,1
441,1 413,1 152,1 150,1 195,1 417,1 424,1 0,3
441,1 544,1 151,1 428,1 533,1 193,1 415,1 0,1
441,1 409,1 533,1 190,1 412,1 150,1 192,1 0,1
441,1 152,1 343,1 424,1 344,1 150,1 417,1 0,1
551,2 542,2 533,3 344,2 424,1 531,2 345,1 0,2
441,1 533,1 152,1 150,1 344,1 417,1 148,1 0,1
551,2 542,2 533,3 344,2 424,2 531,2 345,2 0,1
551,2 542,1 533,3 344,1 424,1 531,1 345,2 0,1
441,2 413,3 411,3 424,3 344,2 417,2 351,2 0,1
