442,1 348,2 450,1 359,2 429,1 430,1 358,2 1,1
224,2 348,1 346,1 359,1 429,1 242,1 457,2 1,1
224,1 343,1 345,1 344,1 409,1 351,1 0,0 1,1
552,1 339,1 542,1 519,1 459,1 543,1 337,1 1,1
262,2 255,1 346,2 351,2 429,2 242,3 457,2 1,1
224,1 348,1 542,1 345,1 344,1 531,1 417,1 1,1
442,1 348,2 415,2 430,2 344,2 417,2 345,2 1,1
200,1 342,1 285,3 476,3 341,2 425,3 356,3 1,1
224,1 348,1 542,1 345,1 344,1 424,1 425,1 1,1
224,1 348,1 425,1 345,1 415,1 417,1 150,1 1,1
552,1 372,1 514,1 542,1 315,1 348,1 0,0 1,1
552,1 339,1 305,1 519,1 543,1 544,1 0,0 1,1
224,1 184,1 348,1 371,1 457,1 512,1 179,1 1,1
552,1 460,1 486,1 415,1 421,1 320,1 422,1 1,1
291,1 436,1 383,3 287,2 387,1 545,1 541,2 1,1
224,1 348,1 342,1 359,1 424,1 360,1 361,1 1,1
442,1 348,2 422,1 433,1 347,2 242,2 0,0 1,1
224,1 348,1 184,1 371,1 426,1 367,1 346,1 1,1
442,1 372,1 348,2 373,1 371,1 425,1 0,0 1,1
442,1 348,1 344,1 430,1 351,1 417,1 345,1 1,1
291,1 492,1 425,3 287,3 424,3 381,3 394,1 1,1
552,1 544,1 546,1 542,1 533,1 543,1 532,1 1,1
224,1 542,1 348,1 531,1 415,1 417,1 532,1 2,2
224,1 428,1 533,1 531,1 415,1 417,1 541,1 1,1
291,1 492,1 379,1 424,3 179,3 490,3 351,2 1,1
224,1 348,1 533,1 344,1 345,1 415,1 411,1 1,1
224,1 530,1 348,1 531,1 415,1 417,1 194,1 1,1
224,1 515,1 544,1 0,0 0,0 0,0 0,0 1,1
224,1 348,1 368,1 184,1 371,1 346,1 335,1 1,1
442,1 348,2 368,3 376,1 379,1 434,1 380,1 2,2
224,1 348,1 368,1 184,1 371,1 424,1 457,1 250,331
224,1 348,1 542,1 533,1 345,1 415,1 344,1 191,273
224,1 348,1 361,1 425,1 341,1 359,1 360,1 2,3
224,1 348,1 184,1 371,1 457,1 424,1 423,1 36,57
224,1 348,1 542,1 339,1 520,1 387,1 385,1 22,37
224,1 348,1 542,1 533,1 344,1 345,1 415,1 14,26
224,1 542,1 348,1 531,1 345,1 415,1 417,1 1,2
552,1 544,1 514,1 542,1 513,1 0,0 0,0 1,2
224,1 339,1 387,1 338,1 424,1 385,1 426,1 1,2
224,1 348,1 346,1 426,1 350,1 425,1 349,1 1,2
224,1 348,1 345,1 415,1 417,1 424,1 531,1 8,17
224,1 542,1 342,1 425,1 346,1 360,1 348,1 2,5
224,1 348,1 346,1 426,1 350,1 543,1 338,1 1,3
224,1 542,1 533,1 531,1 415,1 417,1 544,1 2,7
224,1 348,1 346,1 426,1 350,1 338,1 452,1 2,7
224,1 348,1 184,1 371,1 367,1 346,1 426,1 3,14
552,2 348,2 362,1 359,2 429,1 430,1 457,1 0,1
224,1 542,1 533,1 345,1 344,1 424,1 531,1 0,2
240,2 405,1 462,1 351,2 429,1 430,1 461,1 0,2
552,1 367,1 0,0 0,0 0,0 0,0 0,0 0,1
224,1 348,1 184,1 371,1 424,1 335,1 284,1 0,1
224,1 348,1 512,1 184,1 371,1 424,1 284,1 0,1
552,1 430,1 425,1 429,1 542,1 350,1 423,1 0,1
224,2 376,1 377,1 351,2 429,2 242,1 490,3 0,1
240,2 348,2 383,1 424,3 516,1 387,1 521,2 0,1
224,2 348,2 346,2 351,2 429,1 242,1 457,2 0,2
503,2 348,2 362,1 351,2 429,1 430,1 457,3 0,1
552,2 339,1 450,1 351,2 429,1 543,2 0,0 0,1
442,1 348,1 450,1 376,1 351,2 380,1 346,2 0,1
224,1 348,1 345,1 415,1 531,1 417,1 424,1 0,1
291,1 405,2 482,2 351,2 161,1 430,2 346,2 0,1
224,2 348,2 450,1 359,2 429,2 194,2 193,3 0,1
552,1 348,1 346,1 426,1 350,1 543,1 338,1 0,1
224,1 348,1 346,1 426,1 350,1 543,1 513,1 0,1
224,1 348,1 346,1 426,1 350,1 425,1 531,1 0,1
442,1 348,1 344,1 430,1 351,2 417,1 345,1 0,1
224,1 348,1 346,1 426,1 350,1 543,1 425,1 0,1
442,1 348,2 450,1 351,2 429,2 430,2 542,2 0,1
552,2 348,1 462,1 359,1 429,1 242,1 543,3 0,1
224,1 348,1 346,1 426,1 350,1 519,1 338,1 0,1
552,1 348,1 346,1 426,1 350,1 543,1 542,1 0,2
224,1 348,1 346,1 426,1 350,1 543,1 525,1 0,1
552,2 339,1 346,2 351,2 429,1 242,1 457,2 0,1
552,1 348,1 346,1 426,1 350,1 543,1 425,1 0,1
552,1 348,1 450,1 359,1 429,1 445,1 0,0 0,1
552,1 315,1 492,1 367,1 424,1 179,1 0,0 0,1
224,1 348,1 184,1 371,1 425,1 369,1 424,1 0,2
240,2 348,2 409,1 345,2 344,3 425,3 0,0 0,1
224,1 520,1 542,1 339,1 348,1 387,1 385,1 0,1
224,1 542,1 348,1 531,1 415,1 345,1 417,1 0,1
224,1 533,1 424,1 344,1 414,1 415,1 411,1 0,1
552,1 544,1 514,1 543,1 0,0 0,0 0,0 0,1
224,1 348,1 344,1 414,1 415,1 346,1 417,1 0,1
224,1 361,1 190,1 193,1 424,1 360,1 140,1 0,1
224,1 184,1 180,1 371,1 376,1 424,1 367,1 0,1
224,1 426,1 0,0 0,0 0,0 0,0 0,0 0,1
224,1 348,1 542,1 184,1 371,1 424,1 543,1 0,1
224,1 348,1 512,1 184,1 371,1 181,1 179,1 0,1
224,1 348,1 371,1 424,1 368,1 373,1 425,1 0,1
442,1 348,2 346,2 414,1 345,2 417,2 409,3 0,1
552,2 533,3 348,2 0,0 0,0 0,0 0,0 0,1
