291,1 361,2 359,2 290,1 237,2 525,1 364,2 1,1
291,1 533,3 351,2 411,3 555,1 426,3 422,1 1,1
224,2 339,1 381,3 387,1 337,3 424,2 351,2 1,1
224,2 412,1 343,3 345,2 351,2 414,1 457,2 1,1
224,2 348,2 455,1 344,2 411,1 414,1 346,2 1,1
224,2 339,1 381,3 387,1 424,2 337,3 351,2 1,1
200,1 361,1 525,1 357,3 477,2 0,0 0,0 1,1
442,1 348,2 344,2 419,1 426,3 0,0 0,0 1,1
442,1 348,2 490,3 546,1 346,2 543,3 0,0 1,1
552,1 339,1 337,1 520,1 0,0 0,0 0,0 1,1
224,1 184,1 373,1 371,1 183,1 0,0 0,0 5,5
224,2 348,1 426,3 395,3 161,1 346,2 163,1 5,5
291,1 348,2 457,2 525,1 237,2 366,1 0,0 1,1
291,1 542,1 348,2 344,2 351,2 422,1 0,0 1,1
552,1 339,1 337,1 546,1 519,1 0,0 0,0 1,1
291,1 443,1 462,1 175,1 351,2 337,3 394,1 1,1
554,1 542,1 348,2 408,1 401,2 158,3 0,0 1,1
442,1 348,2 346,2 417,1 436,1 0,0 0,0 2,2
552,1 339,1 337,1 519,1 0,0 0,0 0,0 2,2
552,1 184,1 555,1 312,1 514,1 0,0 0,0 1,1
503,1 436,1 379,1 371,1 424,1 351,1 0,0 1,1
552,1 339,1 337,1 310,1 0,0 0,0 0,0 1,1
224,1 184,1 427,1 371,1 183,1 185,1 0,0 1,1
552,1 339,1 337,1 351,1 452,1 0,0 0,0 3,3
291,1 394,1 251,2 392,2 542,1 474,1 0,0 1,1
552,1 339,1 337,1 543,1 381,1 0,0 0,0 2,2
291,1 380,1 184,2 279,2 346,2 237,2 0,0 1,1
552,2 542,1 315,1 514,3 237,1 380,1 367,3 1,1
291,1 533,3 546,1 351,2 411,3 237,1 422,1 1,1
291,1 436,1 462,1 175,1 351,2 337,3 169,1 1,1
291,1 230,2 426,1 366,1 555,3 242,3 357,3 1,1
224,1 184,1 179,1 371,1 424,1 0,0 0,0 1,1
503,2 492,1 387,1 424,2 0,0 0,0 0,0 1,1
262,2 380,1 348,2 434,1 336,1 351,2 0,0 1,1
552,2 514,3 315,1 542,2 369,1 0,0 0,0 1,1
291,1 492,1 394,1 424,2 0,0 0,0 0,0 1,1
552,2 514,3 315,1 371,1 0,0 0,0 0,0 1,1
552,1 339,1 337,1 542,1 351,1 0,0 0,0 2,2
262,2 348,2 476,3 357,3 346,2 366,1 0,0 1,1
291,1 348,1 542,2 520,3 394,1 0,0 0,0 1,1
442,1 361,2 542,2 359,2 525,2 358,2 364,1 1,1
442,1 532,3 546,1 421,1 344,2 414,1 0,0 1,1
442,1 348,2 459,2 387,2 351,1 392,1 346,2 1,1
554,1 428,2 394,1 426,3 391,1 387,1 448,1 1,1
442,1 348,2 414,2 490,3 344,2 420,2 346,2 1,1
442,1 348,2 347,2 333,2 0,0 0,0 0,0 1,1
224,1 348,1 542,1 402,1 346,1 396,1 0,0 1,1
552,1 339,1 337,1 351,1 346,1 426,1 0,0 2,2
552,2 399,3 542,2 329,1 539,3 408,1 0,0 1,1
554,1 348,1 424,3 344,2 346,2 420,2 422,1 1,1
291,1 269,1 542,1 411,1 0,0 0,0 0,0 1,1
291,1 436,1 462,1 351,2 411,3 555,1 490,3 1,1
552,2 367,3 542,1 351,1 546,1 312,3 512,2 1,1
552,1 339,1 337,1 351,1 381,1 452,1 0,0 1,1
442,1 348,2 409,3 411,3 351,2 485,3 422,1 1,1
224,1 348,1 542,1 408,1 402,1 158,1 346,1 1,1
552,1 339,1 337,1 542,1 306,1 0,0 0,0 3,3
552,1 339,1 337,1 542,1 546,1 452,1 0,0 2,2
442,1 361,2 354,3 357,3 490,3 351,2 0,0 5,5
442,1 348,2 347,1 411,3 344,2 414,1 0,0 1,1
442,1 394,1 381,3 436,1 339,1 493,1 0,0 1,1
442,1 361,2 542,1 359,2 525,2 358,2 364,1 1,1
554,1 428,2 394,1 426,3 391,2 387,2 448,1 1,1
224,2 361,2 426,2 359,1 357,3 457,2 138,1 1,1
552,2 339,1 337,1 543,2 0,0 0,0 0,0 1,1
224,2 361,2 353,1 436,1 457,2 357,3 0,0 1,1
552,1 339,1 337,1 541,1 452,1 0,0 0,0 1,1
442,1 348,1 414,1 490,2 344,2 420,1 346,2 1,1
552,2 380,1 512,1 379,1 312,1 457,1 0,0 1,1
552,2 514,1 315,1 371,3 0,0 0,0 0,0 2,2
503,2 383,3 459,2 490,3 338,3 457,3 542,2 1,1
552,1 514,1 542,1 312,1 543,1 0,0 0,0 2,2
224,1 542,1 342,1 341,1 359,1 448,1 0,0 1,1
552,1 514,1 542,1 312,1 544,1 0,0 0,0 1,1
224,1 348,1 345,1 417,1 0,0 0,0 0,0 1,1
552,1 514,1 543,1 351,1 513,1 0,0 0,0 1,1
262,1 348,1 387,1 385,1 351,1 381,1 0,0 2,2
552,1 514,1 315,1 457,1 346,1 0,0 0,0 1,1
552,1 533,1 532,1 322,1 0,0 0,0 0,0 2,2
224,1 348,1 344,1 415,1 542,1 414,1 0,0 1,1
224,1 436,1 462,1 458,1 341,1 362,1 0,0 1,1
552,2 542,2 315,1 514,2 0,0 0,0 0,0 1,1
552,1 544,1 542,1 351,1 525,1 527,1 0,0 1,1
442,1 436,1 357,3 457,2 525,1 546,1 346,2 2,2
224,1 348,1 450,1 346,1 0,0 0,0 0,0 1,1
552,1 367,1 373,1 514,1 315,1 0,0 0,0 2,2
554,1 409,3 348,2 411,3 344,2 351,2 0,0 2,2
442,1 436,1 347,2 457,2 351,2 346,2 0,0 1,1
291,1 542,1 474,1 394,1 452,3 0,0 0,0 1,1
291,1 542,2 269,1 411,3 422,1 0,0 0,0 1,1
552,2 348,2 344,2 414,1 351,2 346,2 0,0 1,1
552,1 514,1 543,1 546,1 311,1 513,1 0,0 2,2
442,1 348,2 459,2 394,1 387,1 519,2 381,1 1,1
442,1 436,1 357,3 457,2 351,2 555,1 138,1 1,1
442,1 436,1 366,1 458,1 457,2 358,2 357,3 1,1
442,1 542,2 339,1 387,2 520,3 394,1 0,0 1,1
552,1 514,1 312,1 542,1 543,1 0,0 0,0 22,22
224,2 348,1 426,2 138,1 555,1 358,1 357,2 1,1
224,2 348,1 426,1 395,3 161,1 346,2 163,1 1,1
552,2 514,1 312,1 542,1 543,1 0,0 0,0 2,2
291,1 436,1 422,1 490,3 555,3 485,3 414,2 1,1
224,2 381,3 383,3 287,3 457,2 351,1 337,3 1,1
552,1 514,1 312,1 542,1 546,1 513,1 0,0 4,4
552,2 367,1 514,3 315,1 542,1 426,3 546,1 1,1
554,1 348,2 422,1 424,2 344,2 411,3 546,1 1,1
552,1 514,1 543,1 546,1 513,1 0,0 0,0 2,2
552,1 514,1 542,1 543,1 513,1 313,1 0,0 2,2
552,1 514,1 543,1 513,1 311,1 0,0 0,0 3,3
552,1 367,1 514,1 315,1 542,1 426,1 546,1 1,1
552,1 544,1 542,1 538,1 301,1 0,0 0,0 2,2
224,1 436,1 421,1 411,1 414,1 344,1 0,0 1,1
552,2 514,3 315,1 371,3 380,1 0,0 0,0 1,1
240,2 413,3 415,3 411,2 351,2 344,3 414,3 1,1
224,1 184,1 183,1 427,1 371,1 367,1 346,1 1,1
442,1 348,1 436,1 359,2 358,2 364,1 366,1 1,1
442,1 348,2 347,2 411,3 351,2 414,1 409,3 1,1
224,2 436,1 351,2 138,1 457,1 357,3 346,2 1,1
291,1 542,2 474,1 387,2 296,1 394,1 0,0 2,2
552,1 533,1 320,1 542,1 0,0 0,0 0,0 2,2
552,1 514,1 315,1 542,1 0,0 0,0 0,0 3,3
552,2 514,2 543,2 513,1 0,0 0,0 0,0 1,1
442,1 348,1 450,1 346,1 0,0 0,0 0,0 1,1
224,1 436,1 424,1 138,1 457,1 357,1 427,1 1,1
503,2 394,1 384,3 436,1 351,2 337,3 386,2 1,1
442,1 348,2 357,1 351,2 364,1 366,1 358,1 1,1
291,1 422,1 436,1 411,3 351,2 485,3 426,3 1,1
291,1 436,1 351,2 357,3 138,2 555,1 230,1 1,1
554,1 514,3 436,1 249,1 371,3 380,1 0,0 1,1
442,1 348,2 351,2 457,1 357,1 0,0 0,0 1,1
552,2 339,1 394,1 518,1 306,1 381,1 0,0 1,1
291,1 514,3 436,1 371,3 272,3 237,1 0,0 1,1
291,1 474,1 237,2 346,2 172,2 381,1 394,1 1,1
224,2 339,1 387,1 381,1 424,3 337,3 351,2 1,1
224,2 339,1 381,3 387,1 337,3 424,3 351,2 1,1
224,1 184,1 373,1 371,1 367,1 426,1 0,0 1,1
552,1 515,1 312,1 543,1 0,0 0,0 0,0 1,1
224,1 436,1 344,1 415,1 411,1 414,1 150,1 1,1
552,2 514,3 315,1 371,3 0,0 0,0 0,0 3,3
224,2 348,2 409,3 420,2 344,2 417,2 422,1 1,1
552,2 529,1 409,1 320,1 0,0 0,0 0,0 1,1
442,1 361,2 450,1 358,2 0,0 0,0 0,0 1,1
442,1 348,1 426,3 366,1 525,2 351,2 357,3 1,1
442,1 348,2 424,3 371,3 179,1 0,0 0,0 1,1
224,1 426,1 339,1 386,1 172,1 280,1 0,0 1,1
224,1 361,1 542,1 359,1 357,1 138,1 346,1 1,1
442,1 348,2 462,1 430,2 448,1 237,1 0,0 1,1
442,1 436,1 357,3 457,2 525,2 546,2 346,2 1,1
554,1 348,2 424,3 344,2 346,2 420,1 422,1 1,1
442,1 348,1 344,2 345,2 346,2 0,0 0,0 1,1
552,2 542,1 315,1 371,3 380,1 0,0 0,0 2,2
554,1 542,2 436,1 422,1 415,2 490,3 344,2 1,1
552,2 542,2 315,1 371,1 0,0 0,0 0,0 1,1
442,1 348,2 414,1 457,2 344,2 351,2 0,0 1,1
442,1 348,1 337,3 351,1 385,1 381,1 394,1 1,1
442,1 348,1 353,3 357,3 457,2 351,2 0,0 1,1
552,2 370,1 367,1 515,3 312,1 514,3 0,0 1,1
291,1 436,1 422,1 411,3 457,2 490,3 351,2 1,1
552,1 514,1 543,1 513,1 541,1 0,0 0,0 1,1
224,1 339,1 387,1 346,1 280,1 0,0 0,0 1,1
442,1 348,2 384,1 381,1 387,1 346,2 0,0 1,1
442,1 255,1 411,3 344,2 351,2 422,1 0,0 1,1
224,2 339,1 387,1 381,3 424,3 337,3 351,2 1,1
224,1 361,1 353,1 138,1 357,1 457,1 358,1 1,1
552,2 514,2 543,3 513,2 311,1 0,0 0,0 1,1
552,2 399,2 351,2 457,2 401,1 158,1 0,0 1,1
552,2 514,1 312,1 543,1 0,0 0,0 0,0 1,1
442,1 348,2 414,1 457,2 344,2 351,1 0,0 1,1
552,1 514,1 329,1 542,1 544,1 0,0 0,0 1,1
442,1 436,1 338,2 385,3 351,2 346,2 0,0 2,2
552,1 518,1 542,1 543,1 307,1 0,0 0,0 3,3
503,2 383,3 459,2 337,3 490,3 351,2 385,3 2,2
224,1 542,1 436,1 344,1 448,1 420,1 415,1 1,1
554,1 348,1 338,2 387,2 424,2 0,0 0,0 1,1
224,1 348,1 426,1 457,1 395,1 158,1 351,1 1,1
552,2 348,2 315,1 367,3 0,0 0,0 0,0 1,1
291,1 436,1 351,2 357,3 138,1 555,3 230,2 1,1
224,1 361,1 341,1 359,1 346,1 357,1 426,1 1,1
224,1 361,1 546,1 366,1 362,1 357,1 141,1 1,1
224,1 348,1 411,1 415,1 344,1 414,1 0,0 1,1
554,1 348,2 381,1 387,2 424,3 352,1 0,0 1,1
291,1 361,2 525,2 357,3 351,2 366,1 0,0 1,1
262,1 542,1 492,1 424,1 0,0 0,0 0,0 1,1
552,2 514,1 312,3 542,1 543,2 0,0 0,0 1,1
291,1 251,2 436,1 490,3 351,2 337,3 237,2 1,1
224,2 395,3 426,3 162,1 161,1 158,1 163,1 1,1
552,2 514,1 312,1 543,2 0,0 0,0 0,0 1,1
291,1 436,1 546,1 351,2 411,3 485,3 422,1 1,1
442,1 348,1 457,2 344,2 351,2 414,1 0,0 2,2
552,1 544,1 543,1 546,1 525,1 0,0 0,0 1,1
552,2 544,1 542,1 538,2 0,0 0,0 0,0 1,1
552,1 544,1 329,1 542,1 527,1 0,0 0,0 1,1
552,1 315,1 514,1 515,1 0,0 0,0 0,0 1,1
291,1 436,1 411,3 490,3 351,2 414,2 237,2 1,1
552,1 544,1 542,1 543,1 546,1 0,0 0,0 1,1
442,1 231,1 459,2 338,2 346,2 392,1 0,0 1,1
552,2 514,1 543,1 513,1 0,0 0,0 0,0 1,1
200,1 394,1 339,1 387,2 490,3 348,2 0,0 1,1
552,1 315,1 514,1 542,1 0,0 0,0 0,0 1,1
291,1 542,2 339,1 175,1 172,1 381,3 394,1 1,1
224,1 184,1 514,1 371,1 183,1 427,1 0,0 3,3
224,1 348,1 409,1 436,1 421,1 422,1 0,0 1,1
552,2 436,1 518,1 394,1 387,1 306,1 381,1 1,1
291,1 199,1 542,2 555,1 490,3 0,0 0,0 2,2
552,1 514,1 512,1 312,1 546,1 513,1 0,0 1,1
442,1 348,1 414,1 457,2 344,2 351,1 0,0 1,1
552,2 514,2 542,1 543,3 513,2 311,1 0,0 1,1
442,1 231,1 459,2 338,1 346,2 392,1 0,0 1,1
291,1 348,2 520,3 542,2 0,0 0,0 0,0 1,1
552,1 514,1 329,1 543,1 0,0 0,0 0,0 1,1
552,1 520,1 543,1 0,0 0,0 0,0 0,0 2,2
552,1 514,1 512,1 312,1 513,1 0,0 0,0 1,1
262,2 353,1 348,2 138,1 357,3 346,2 351,2 1,1
224,1 348,1 539,1 402,1 346,1 426,1 0,0 1,1
224,1 332,1 348,1 163,1 161,1 0,0 0,0 1,1
552,1 343,1 543,1 345,1 0,0 0,0 0,0 1,1
291,1 436,1 282,2 364,2 237,1 490,3 542,1 1,1
552,1 343,1 532,1 344,1 542,1 0,0 0,0 1,1
442,1 348,2 347,2 420,1 344,2 448,1 422,1 1,1
224,2 361,1 353,3 357,3 457,2 359,1 346,2 1,1
291,1 275,2 422,1 485,3 490,3 411,3 351,2 1,1
552,1 315,1 367,1 371,1 183,1 0,0 0,0 2,2
224,1 361,1 542,1 359,1 346,1 341,1 358,1 1,1
552,2 315,1 367,1 371,1 183,1 0,0 0,0 1,1
442,1 343,3 436,1 415,2 411,3 457,2 351,2 1,1
442,1 348,1 347,2 457,2 198,1 0,0 0,0 1,1
442,1 422,1 343,3 436,1 345,2 430,1 409,3 1,1
552,2 514,3 315,1 542,1 336,1 0,0 0,0 1,1
442,1 348,2 436,1 359,2 358,2 364,1 366,1 1,1
552,1 514,1 312,1 543,1 0,0 0,0 0,0 12,13
552,1 514,1 542,1 543,1 311,1 513,1 0,0 13,16
552,1 368,1 514,1 315,1 0,0 0,0 0,0 4,5
224,1 361,1 346,1 359,1 141,1 357,1 138,1 4,5
224,1 436,1 458,1 138,1 457,1 136,1 357,1 52,65
552,1 533,1 532,1 542,1 0,0 0,0 0,0 16,21
240,2 348,2 347,2 344,3 420,1 414,3 346,3 3,4
442,1 436,1 433,1 0,0 0,0 0,0 0,0 3,4
442,1 343,3 345,2 414,2 411,3 351,2 344,2 3,4
552,1 544,1 538,1 539,1 0,0 0,0 0,0 3,4
442,1 348,2 347,2 457,2 490,3 346,2 0,0 3,4
224,1 436,1 427,1 138,1 457,1 357,1 424,1 70,98
224,1 436,1 424,1 138,1 457,1 357,1 136,1 42,59
552,1 514,1 543,1 515,1 0,0 0,0 0,0 9,13
224,1 380,1 514,1 184,1 371,1 346,1 427,1 24,35
224,1 348,1 542,1 415,1 344,1 346,1 0,0 10,15
442,1 348,1 450,1 414,1 0,0 0,0 0,0 2,3
224,1 140,1 426,1 359,1 138,1 424,1 357,1 2,3
552,1 514,1 543,1 510,1 0,0 0,0 0,0 2,3
224,1 542,1 533,1 424,1 344,1 346,1 0,0 2,3
224,1 542,1 413,1 415,1 417,1 414,1 0,0 2,3
442,1 348,2 347,2 490,3 457,2 346,2 0,0 2,3
442,1 348,2 394,1 346,2 448,1 391,2 0,0 2,3
442,1 348,1 347,1 490,3 457,2 346,1 0,0 2,3
442,1 343,3 345,2 414,1 411,1 351,2 344,2 2,3
552,1 544,1 542,1 543,1 527,1 0,0 0,0 2,3
224,1 184,1 367,1 426,1 371,1 346,1 185,1 2,3
552,1 544,1 543,1 539,1 0,0 0,0 0,0 4,6
442,1 348,1 414,1 457,2 344,1 351,1 0,0 2,3
552,1 514,1 512,1 542,1 543,1 0,0 0,0 2,3
224,1 436,1 341,1 359,1 457,1 357,1 0,0 75,113
224,1 412,1 343,1 345,1 351,1 414,1 457,1 21,32
224,1 542,1 533,1 424,1 344,1 414,1 0,0 52,83
552,1 544,1 542,1 538,1 0,0 0,0 0,0 5,8
442,1 348,2 450,1 346,2 0,0 0,0 0,0 19,31
224,1 339,1 387,1 381,1 424,1 337,1 351,1 169,276
224,1 542,1 533,1 414,1 344,1 346,1 426,1 32,53
224,1 542,1 533,1 344,1 346,1 414,1 409,1 248,412
224,1 348,1 455,1 344,1 411,1 414,1 346,1 3,5
442,1 413,3 411,3 351,2 490,3 415,2 414,2 3,5
552,2 533,1 320,1 409,1 426,1 0,0 0,0 3,5
442,1 348,2 353,3 357,3 457,2 351,2 0,0 3,5
224,1 339,1 381,1 387,1 424,1 337,1 351,1 3,5
224,1 342,1 542,1 359,1 358,1 346,1 427,1 128,219
224,1 348,1 542,1 402,1 346,1 427,1 395,1 35,60
224,1 348,1 542,1 402,1 395,1 427,1 346,1 289,499
224,1 348,1 542,1 402,1 346,1 398,1 546,1 26,45
224,1 436,1 427,1 138,1 457,1 141,1 357,1 15,26
552,1 533,1 542,1 543,1 0,0 0,0 0,0 4,7
224,1 348,1 408,1 395,1 161,1 158,1 163,1 4,7
552,1 343,1 344,1 345,1 349,1 0,0 0,0 4,7
224,1 348,1 546,1 161,1 158,1 163,1 0,0 14,25
224,1 514,1 184,1 371,1 346,1 427,1 0,0 63,113
224,1 542,1 413,1 415,1 417,1 427,1 0,0 5,9
224,1 348,1 542,1 402,1 395,1 427,1 160,1 5,9
224,1 348,1 409,1 344,1 411,1 351,1 414,1 31,56
224,2 380,1 184,1 371,3 346,2 424,1 427,1 6,11
224,1 542,1 184,1 371,1 346,1 427,1 0,0 37,69
552,1 533,1 532,1 0,0 0,0 0,0 0,0 8,15
224,1 542,1 342,1 359,1 346,1 358,1 427,1 10,19
224,1 348,1 542,1 402,1 346,1 395,1 427,1 181,352
224,1 184,1 367,1 371,1 183,1 185,1 0,0 93,186
442,1 348,2 450,1 346,1 0,0 0,0 0,0 3,6
224,1 348,1 542,1 414,1 417,1 346,1 0,0 9,18
552,1 515,1 543,1 349,1 0,0 0,0 0,0 1,2
552,1 544,1 337,1 349,1 452,1 0,0 0,0 1,2
224,1 184,1 514,1 371,1 183,1 346,1 0,0 6,12
224,1 457,1 458,1 436,1 138,1 136,1 357,1 1,2
224,1 514,1 184,1 371,1 346,1 367,1 426,1 1,2
552,1 544,1 543,1 519,1 0,0 0,0 0,0 1,2
291,1 361,2 357,3 436,1 237,1 366,1 0,0 1,2
224,1 542,1 342,1 359,1 358,1 346,1 427,1 1,2
552,1 544,1 542,1 543,1 517,1 0,0 0,0 1,2
442,1 348,1 426,1 366,1 457,1 351,2 357,1 1,2
224,1 184,1 371,1 346,1 424,1 427,1 380,1 2,4
224,1 348,1 136,1 353,1 141,1 359,1 357,1 8,16
224,1 184,1 371,1 424,1 346,1 427,1 0,0 1,2
224,1 348,1 542,1 402,1 346,1 427,1 546,1 4,8
552,1 515,1 542,1 543,1 0,0 0,0 0,0 1,2
224,1 348,1 395,1 273,1 161,1 158,1 346,1 1,2
224,1 348,1 371,1 179,1 185,1 0,0 0,0 1,2
224,1 361,1 542,1 359,1 358,1 424,1 356,1 1,2
240,2 348,2 339,1 337,3 351,2 0,0 0,0 1,2
442,1 348,2 347,2 457,2 351,2 346,2 0,0 1,2
552,1 533,1 542,1 344,1 409,1 414,1 0,0 1,2
552,1 533,1 542,1 345,1 0,0 0,0 0,0 1,2
224,2 348,2 426,1 395,3 161,1 346,2 163,1 1,2
552,1 339,1 337,1 518,1 546,1 0,0 0,0 1,2
224,1 426,1 184,1 371,1 185,1 183,1 367,1 2,4
552,1 544,1 532,1 343,1 0,0 0,0 0,0 1,2
442,1 348,2 411,3 351,2 485,1 409,3 0,0 1,2
224,1 348,1 381,1 338,1 337,1 172,1 346,1 1,2
224,2 348,2 455,1 344,2 411,2 414,1 346,2 1,2
224,1 348,1 344,1 457,1 351,1 420,1 0,0 1,2
224,1 348,1 409,1 344,1 411,1 414,1 351,1 2,4
224,1 339,1 381,1 387,1 337,1 424,1 351,1 1,2
224,2 348,2 455,2 344,2 411,3 414,2 346,2 1,2
442,1 348,2 457,2 351,2 371,1 0,0 0,0 1,2
224,1 184,1 180,1 427,1 346,1 371,1 367,1 10,20
224,1 343,1 426,1 409,1 345,1 415,1 417,1 4,8
224,1 457,1 436,1 427,1 138,1 357,1 424,1 2,4
240,2 348,2 409,1 420,2 415,2 430,2 426,3 2,4
554,1 368,3 367,3 380,1 448,1 372,2 0,0 1,2
224,1 184,1 427,1 371,1 183,1 346,1 367,1 3,6
552,1 518,1 542,1 543,1 0,0 0,0 0,0 1,2
200,1 492,1 422,1 424,3 344,2 0,0 0,0 1,2
552,1 514,1 543,1 513,1 0,0 0,0 0,0 12,24
224,1 184,1 424,1 371,1 346,1 0,0 0,0 2,4
224,1 514,1 184,1 424,1 371,1 367,1 0,0 21,42
224,1 514,1 184,1 424,1 371,1 426,1 0,0 130,265
552,1 339,1 337,1 542,1 452,1 0,0 0,0 11,23
224,1 395,1 426,1 162,1 161,1 158,1 163,1 277,582
224,1 348,1 542,1 402,1 346,1 398,1 395,1 9,19
224,1 361,1 136,1 354,1 359,1 138,1 357,1 9,19
224,1 348,1 387,1 457,1 351,1 337,1 0,0 26,55
224,1 348,1 341,1 359,1 346,1 358,1 353,1 23,49
224,1 348,1 395,1 161,1 158,1 163,1 0,0 13,28
552,1 515,1 312,1 371,1 367,1 0,0 0,0 12,26
552,1 514,1 542,1 543,1 544,1 0,0 0,0 12,26
224,1 184,1 346,1 424,1 371,1 183,1 0,0 71,154
224,1 514,1 184,1 371,1 346,1 426,1 367,1 5,11
224,1 184,1 367,1 371,1 183,1 185,1 426,1 14,31
224,1 542,1 533,1 414,1 344,1 346,1 409,1 8,18
224,1 348,1 542,1 359,1 358,1 346,1 427,1 4,9
224,1 184,1 371,1 179,1 185,1 0,0 0,0 4,9
224,1 348,1 409,1 344,1 414,1 411,1 351,1 4,9
224,1 348,1 341,1 359,1 346,1 358,1 426,1 4,9
224,1 361,1 341,1 359,1 525,1 346,1 427,1 4,9
552,1 339,1 337,1 543,1 0,0 0,0 0,0 11,25
224,1 343,1 414,1 345,1 415,1 344,1 346,1 3,7
224,1 348,1 542,1 402,1 396,1 395,1 426,1 9,21
224,1 436,1 138,1 457,1 357,1 141,1 346,1 3,7
224,1 184,1 183,1 371,1 424,1 346,1 0,0 74,178
224,1 348,1 426,1 395,1 161,1 346,1 163,1 48,116
224,1 162,1 395,1 161,1 158,1 163,1 426,1 18,44
224,1 361,1 354,1 357,1 138,1 141,1 136,1 44,110
224,1 366,1 348,1 359,1 141,1 138,1 357,1 2,5
442,1 348,1 414,1 457,1 344,1 351,1 0,0 2,5
552,1 514,1 542,1 543,1 513,1 0,0 0,0 8,20
552,1 533,1 532,1 343,1 0,0 0,0 0,0 4,10
552,1 514,1 544,1 515,1 0,0 0,0 0,0 2,5
224,1 361,1 426,1 141,1 357,1 457,1 138,1 9,23
224,1 426,1 162,1 395,1 161,1 158,1 163,1 14,36
224,1 348,1 414,1 420,1 418,1 344,1 346,1 5,13
224,1 436,1 457,1 415,1 411,1 414,1 346,1 10,26
224,1 361,1 542,1 359,1 358,1 196,1 527,1 5,13
224,1 353,1 361,1 359,1 138,1 457,1 357,1 5,13
224,1 361,1 542,1 341,1 359,1 358,1 346,1 10,26
224,1 343,1 414,1 345,1 415,1 417,1 0,0 8,21
224,1 380,1 184,1 371,1 346,1 424,1 427,1 64,168
224,1 348,1 409,1 414,1 415,1 344,1 346,1 3,8
224,1 361,1 542,1 359,1 358,1 424,1 141,1 28,79
224,1 184,1 369,1 371,1 426,1 424,1 0,0 13,37
224,1 162,1 395,1 426,1 158,1 402,1 163,1 9,26
224,1 184,1 367,1 371,1 183,1 346,1 427,1 10,29
224,1 184,1 424,1 185,1 371,1 367,1 0,0 115,338
224,1 361,1 359,1 136,1 457,1 138,1 357,1 8,24
224,1 339,1 387,1 424,1 337,1 351,1 381,1 2,6
552,1 514,1 315,1 371,1 0,0 0,0 0,0 1,3
224,1 361,1 353,1 354,1 138,1 359,1 357,1 10,30
224,1 184,1 426,1 367,1 371,1 183,1 185,1 1,3
224,1 361,1 542,1 359,1 357,1 358,1 353,1 1,3
552,1 533,1 532,1 546,1 0,0 0,0 0,0 1,3
224,1 348,1 514,1 369,1 371,1 367,1 0,0 2,6
224,1 184,1 427,1 371,1 367,1 183,1 346,1 5,15
224,1 184,1 427,1 346,1 371,1 514,1 0,0 2,6
552,1 174,1 0,0 0,0 0,0 0,0 0,0 1,3
552,1 515,1 543,1 544,1 0,0 0,0 0,0 2,6
224,1 184,1 424,1 371,1 346,1 426,1 367,1 2,6
224,2 348,2 426,3 395,3 161,1 346,2 163,1 2,6
224,1 184,1 367,1 426,1 424,1 371,1 346,1 1,3
224,1 343,1 542,1 414,1 345,1 415,1 411,1 4,12
224,1 348,1 183,1 371,1 373,1 0,0 0,0 1,3
224,1 361,1 346,1 353,1 357,1 358,1 457,1 2,6
224,1 348,1 346,1 426,1 158,1 161,1 427,1 7,21
224,1 346,1 184,1 183,1 371,1 424,1 0,0 2,6
224,1 542,1 373,1 514,1 371,1 346,1 427,1 1,3
224,1 346,1 348,1 426,1 427,1 158,1 161,1 1,3
552,1 544,1 532,1 344,1 409,1 0,0 0,0 2,6
224,1 348,1 344,1 409,1 414,1 411,1 351,1 1,3
224,1 361,1 353,1 354,1 357,1 141,1 138,1 3,9
200,1 395,3 348,2 351,2 401,2 402,2 0,0 1,3
224,1 184,1 371,1 424,1 183,1 346,1 0,0 2,6
224,1 361,1 359,1 357,1 138,1 141,1 427,1 1,3
224,1 184,1 371,1 424,1 346,1 367,1 426,1 6,19
224,1 361,1 141,1 341,1 359,1 358,1 346,1 4,14
224,1 348,1 369,1 371,1 346,1 427,1 0,0 2,7
224,1 348,1 426,1 158,1 161,1 346,1 395,1 2,7
224,1 361,1 354,1 136,1 138,1 141,1 357,1 471,1695
224,1 184,1 424,1 371,1 346,1 427,1 0,0 5,18
224,1 361,1 359,1 138,1 457,1 357,1 136,1 6,22
224,1 361,1 542,1 359,1 341,1 358,1 346,1 3,11
224,1 361,1 357,1 353,1 359,1 358,1 346,1 4,15
442,1 348,2 347,2 411,3 344,2 414,2 0,0 1,4
442,1 348,2 347,2 411,3 351,2 414,2 409,3 1,4
224,1 533,1 542,1 344,1 424,1 414,1 0,0 1,4
224,1 361,1 341,1 359,1 427,1 358,1 346,1 8,32
224,1 348,1 542,1 359,1 346,1 358,1 427,1 1,4
224,1 343,1 414,1 345,1 424,1 415,1 411,1 1,4
224,1 409,1 412,1 414,1 415,1 418,1 419,1 1,4
552,1 514,1 542,1 543,1 515,1 0,0 0,0 1,4
224,1 348,1 457,1 424,1 357,1 353,1 0,0 1,4
224,1 361,1 426,1 359,1 357,1 457,1 138,1 4,16
240,1 348,1 337,1 338,1 346,1 382,1 0,0 1,4
224,1 184,1 367,1 426,1 424,1 371,1 183,1 1,4
224,1 348,1 542,1 371,1 346,1 427,1 0,0 1,4
224,1 361,1 341,1 359,1 346,1 358,1 351,1 1,4
224,1 184,1 183,1 371,1 346,1 427,1 367,1 1,4
224,1 361,1 353,1 141,1 358,1 359,1 357,1 1,4
224,1 348,1 519,1 387,1 337,1 381,1 0,0 1,4
224,1 533,1 542,1 414,1 344,1 346,1 409,1 1,4
224,1 361,1 353,1 357,1 457,1 359,1 346,1 7,30
224,1 361,1 353,1 359,1 358,1 360,1 136,1 2,9
224,1 184,1 424,1 371,1 185,1 367,1 0,0 9,42
224,1 341,1 457,1 436,1 359,1 357,1 0,0 1,5
224,1 542,1 533,1 344,1 346,1 424,1 0,0 1,5
224,1 348,1 409,1 414,1 415,1 417,1 0,0 3,15
224,1 184,1 371,1 346,1 424,1 183,1 0,0 1,5
224,1 343,1 542,1 345,1 415,1 411,1 414,1 1,5
224,1 184,1 346,1 371,1 183,1 427,1 426,1 2,10
224,1 361,1 136,1 138,1 354,1 141,1 357,1 5,30
224,1 346,1 348,1 426,1 158,1 161,1 427,1 1,6
224,1 184,1 380,1 371,1 346,1 424,1 427,1 1,6
224,1 184,1 371,1 346,1 424,1 427,1 0,0 1,7
224,1 184,1 424,1 346,1 371,1 427,1 0,0 1,7
224,1 184,1 367,1 426,1 371,1 373,1 0,0 1,7
552,1 533,1 320,1 409,1 426,1 0,0 0,0 2,14
224,1 542,1 358,1 359,1 361,1 424,1 141,1 1,7
224,1 542,1 361,1 359,1 358,1 424,1 141,1 26,195
224,1 348,1 158,1 402,1 454,1 0,0 0,0 1,8
224,1 361,1 341,1 141,1 358,1 359,1 346,1 1,9
224,1 348,1 353,1 357,1 138,1 346,1 351,1 1,10
552,1 180,1 0,0 0,0 0,0 0,0 0,0 1,21
552,1 381,1 0,0 0,0 0,0 0,0 0,0 1,28
224,1 542,1 342,1 346,1 359,1 358,1 555,1 0,2
224,1 348,1 344,1 426,1 424,1 411,1 414,1 0,5
552,2 533,3 320,1 409,1 426,1 0,0 0,0 0,2
262,2 348,2 491,1 457,2 0,0 0,0 0,0 0,2
224,1 361,1 527,1 359,1 141,1 138,1 357,1 0,2
224,2 412,3 343,3 345,2 351,2 414,1 457,2 0,1
262,2 348,2 458,1 139,1 525,1 426,3 0,0 0,1
224,1 361,1 542,1 359,1 358,1 427,1 196,1 0,1
224,1 348,1 351,1 337,1 457,1 346,1 426,1 0,1
224,1 514,1 348,1 371,1 378,1 346,1 0,0 0,1
442,1 348,1 344,2 417,2 426,3 427,1 0,0 0,1
552,2 533,2 320,1 409,1 426,1 0,0 0,0 0,2
442,1 348,2 347,2 430,1 351,1 0,0 0,0 0,3
442,1 348,2 459,1 381,3 387,1 385,3 0,0 0,1
224,1 348,1 426,1 138,1 555,1 358,1 357,1 0,1
224,1 361,1 138,1 359,1 346,1 358,1 357,1 0,8
291,1 152,2 422,1 409,1 411,3 485,3 0,0 0,1
224,1 184,1 426,1 346,1 371,1 424,1 367,1 0,2
552,1 533,1 532,1 409,1 343,1 0,0 0,0 0,3
224,1 184,1 180,1 346,1 371,1 426,1 427,1 0,3
224,1 412,1 413,1 411,1 415,1 416,1 0,0 0,1
442,1 348,2 351,2 457,2 385,3 0,0 0,0 0,1
552,1 533,1 344,1 0,0 0,0 0,0 0,0 0,1
552,1 428,1 426,1 448,1 430,1 427,1 542,1 0,1
442,1 361,1 354,1 357,1 490,1 351,1 0,0 0,2
224,1 361,1 341,1 357,1 192,1 0,0 0,0 0,1
554,1 361,2 557,1 354,3 138,1 0,0 0,0 0,1
224,1 361,1 341,1 359,1 346,1 427,1 194,1 0,2
291,1 251,2 287,3 351,2 555,3 337,3 237,2 0,1
224,2 380,1 184,1 371,3 346,2 424,3 427,1 0,4
442,1 348,2 347,2 158,1 490,3 351,2 0,0 0,1
552,2 544,3 514,3 543,3 542,1 0,0 0,0 0,1
224,1 184,1 180,1 371,1 183,1 185,1 0,0 0,1
552,1 339,1 0,0 0,0 0,0 0,0 0,0 0,2
224,1 409,1 0,0 0,0 0,0 0,0 0,0 0,1
224,1 348,1 341,1 525,1 358,1 346,1 0,0 0,1
224,1 348,1 395,1 158,1 161,1 163,1 0,0 0,5
552,1 544,1 0,0 0,0 0,0 0,0 0,0 0,3
552,1 514,1 543,1 351,1 544,1 0,0 0,0 0,1
442,1 348,1 357,1 138,1 457,2 346,2 0,0 0,1
224,1 361,1 357,1 359,1 424,1 354,1 0,0 0,2
552,1 514,1 543,1 546,1 544,1 0,0 0,0 0,1
224,2 542,1 436,1 357,3 138,1 356,3 448,1 0,1
224,1 361,1 354,1 141,1 359,1 341,1 353,1 0,1
262,2 152,1 424,3 415,2 344,2 414,2 0,0 0,1
224,1 361,1 364,1 359,1 138,1 357,1 358,1 0,1
224,1 348,1 415,1 414,1 411,1 344,1 0,0 0,1
224,1 348,1 136,1 138,1 359,1 341,1 351,1 0,1
442,1 361,2 490,3 359,2 525,2 358,2 364,2 0,1
200,1 492,1 422,1 344,2 424,2 0,0 0,0 0,1
224,1 348,1 357,1 351,1 457,1 353,1 0,0 0,1
291,1 436,1 203,1 490,3 351,2 380,1 0,0 0,1
552,1 533,1 344,1 409,1 343,1 0,0 0,0 0,1
442,1 475,1 355,1 136,1 357,1 0,0 0,0 0,1
552,2 514,2 542,1 543,3 513,1 0,0 0,0 0,1
224,1 348,1 426,1 395,1 158,1 161,1 346,1 0,1
552,2 514,3 542,1 543,2 513,1 0,0 0,0 0,1
224,1 361,1 341,1 359,1 346,1 357,1 353,1 0,1
240,1 348,1 337,2 338,1 346,1 382,2 0,0 0,4
224,1 361,1 458,1 341,1 138,1 357,1 0,0 0,1
503,1 348,1 345,1 415,1 346,1 0,0 0,0 0,2
224,1 348,1 343,1 345,1 346,1 414,1 0,0 0,1
442,1 376,1 371,2 379,1 367,2 0,0 0,0 0,1
224,1 361,1 542,1 341,1 359,1 346,1 358,1 0,1
442,1 348,2 347,2 420,2 546,1 344,2 346,2 0,1
554,1 343,3 348,2 420,1 414,2 457,2 409,3 0,1
224,1 361,1 354,1 141,1 138,1 357,1 353,1 0,1
442,1 436,1 346,2 448,1 371,3 336,1 378,2 0,2
442,1 436,1 346,2 448,1 371,3 336,1 378,1 0,3
224,2 348,1 426,3 138,3 346,2 141,2 357,1 0,1
224,1 361,1 542,1 359,1 358,1 424,1 191,1 0,1
442,1 343,3 346,2 345,1 415,2 344,2 414,2 0,1
224,1 334,1 336,1 346,1 372,1 0,0 0,0 0,1
224,1 339,1 387,1 338,1 172,1 424,1 0,0 0,1
224,1 343,1 344,1 414,1 415,1 345,1 346,1 0,4
224,1 184,1 183,1 371,1 427,1 346,1 0,0 0,2
224,1 348,1 414,1 424,1 344,1 346,1 343,1 0,1
552,2 361,1 348,1 356,1 462,1 0,0 0,0 0,1
554,1 533,3 152,1 346,2 0,0 0,0 0,0 0,1
224,1 184,1 426,1 272,1 346,1 371,1 427,1 0,1
442,1 348,2 347,2 344,2 414,2 351,2 0,0 0,1
442,1 361,2 542,2 359,2 525,1 358,2 364,1 0,1
240,2 340,3 341,2 353,1 354,1 362,2 0,0 0,2
224,1 174,1 172,1 429,1 195,1 386,1 0,0 0,1
224,1 184,1 371,1 424,1 179,1 0,0 0,0 0,2
224,1 343,1 344,1 345,1 532,1 0,0 0,0 0,1
552,1 451,1 370,1 514,1 315,1 0,0 0,0 0,1
442,1 348,2 347,2 353,3 357,3 359,2 0,0 0,1
224,2 361,2 426,2 141,1 357,3 457,2 138,1 0,1
224,1 348,1 414,1 415,1 417,1 426,1 0,0 0,1
224,1 361,1 354,1 426,1 357,1 141,1 138,1 0,6
224,1 348,1 338,1 389,1 387,1 169,1 0,0 0,1
224,1 361,1 427,1 359,1 341,1 358,1 346,1 0,2
224,2 348,2 455,2 344,2 411,3 414,1 346,2 0,1
224,1 361,1 542,1 359,1 358,1 525,1 346,1 0,1
552,2 514,1 315,1 371,1 0,0 0,0 0,0 0,1
224,1 348,1 542,1 414,1 415,1 411,1 409,1 0,1
262,2 348,2 347,2 490,1 273,1 346,2 0,0 0,1
224,1 361,1 525,1 282,1 359,1 341,1 546,1 0,1
224,1 348,1 401,1 158,1 161,1 0,0 0,0 0,1
224,1 348,1 344,1 415,1 414,1 411,1 0,0 0,1
224,1 348,1 345,1 344,1 346,1 0,0 0,0 0,1
552,1 428,1 430,1 546,1 448,1 427,1 542,1 0,1
224,1 348,1 542,1 345,1 414,1 409,1 0,0 0,1
262,2 184,1 465,3 371,3 0,0 0,0 0,0 0,1
224,1 381,1 386,1 169,1 172,1 433,1 0,0 0,1
224,1 348,1 385,1 172,1 387,1 346,1 0,0 0,1
224,1 348,1 409,1 346,1 415,1 417,1 0,0 0,1
224,1 348,1 409,1 414,1 345,1 346,1 426,1 0,1
224,2 380,1 184,1 371,3 346,1 424,1 427,1 0,2
552,1 544,1 532,1 528,1 0,0 0,0 0,0 0,1
552,2 339,1 337,1 543,1 0,0 0,0 0,0 0,1
552,2 339,1 337,3 543,3 0,0 0,0 0,0 0,2
224,1 343,1 412,1 414,1 417,1 148,1 411,1 0,1
262,1 383,1 384,1 385,1 382,1 381,1 0,0 0,1
552,1 533,1 0,0 0,0 0,0 0,0 0,0 0,4
552,1 174,1 381,1 337,1 306,1 172,1 169,1 0,1
552,1 514,1 542,1 543,1 512,1 0,0 0,0 0,1
442,1 348,2 347,2 490,3 400,1 346,2 0,0 0,1
552,2 339,1 337,1 542,1 452,1 0,0 0,0 0,2
442,1 348,1 347,1 411,1 344,1 414,1 0,0 0,1
552,1 544,1 542,1 337,1 543,1 0,0 0,0 0,1
442,1 348,1 426,1 457,1 424,1 351,1 346,1 0,1
224,1 348,1 346,1 353,1 358,1 360,1 0,0 0,1
224,1 184,1 371,1 185,1 183,1 427,1 0,0 0,2
442,1 361,1 351,2 457,1 359,1 357,1 366,1 0,1
224,1 361,1 427,1 359,1 141,1 138,1 357,1 0,1
224,1 184,1 346,1 371,1 183,1 185,1 0,0 0,1
224,1 348,1 424,1 344,1 417,1 0,0 0,0 0,1
224,1 475,1 229,1 136,1 0,0 0,0 0,0 0,1
552,2 315,1 514,3 371,1 0,0 0,0 0,0 0,1
442,1 348,2 421,1 344,2 414,1 0,0 0,0 0,1
224,1 348,1 344,1 411,1 457,1 414,1 0,0 0,2
224,1 542,1 533,1 344,1 414,1 411,1 0,0 0,1
552,2 515,1 312,1 371,1 367,1 0,0 0,0 0,1
224,1 180,1 367,1 184,1 369,1 179,1 185,1 0,1
224,1 348,1 387,1 381,1 424,1 337,1 351,1 0,2
224,1 348,1 371,1 424,1 183,1 427,1 0,0 0,1
224,1 361,1 426,1 359,1 138,1 357,1 141,1 0,2
224,1 361,1 353,1 359,1 357,1 358,1 138,1 0,1
291,1 348,2 422,1 277,1 344,2 237,2 351,2 0,1
224,1 348,1 357,1 359,1 141,1 346,1 0,0 0,1
224,1 361,1 341,1 359,1 358,1 525,1 353,1 0,1
442,1 348,2 344,1 457,2 351,2 343,3 0,0 0,1
552,2 514,3 315,1 490,3 542,1 0,0 0,0 0,1
224,1 184,1 180,1 373,1 371,1 0,0 0,0 0,1
224,1 346,1 348,1 426,1 395,1 161,1 163,1 0,2
224,2 339,1 381,3 387,1 424,1 337,3 351,2 0,1
552,1 544,1 542,1 337,1 519,1 0,0 0,0 0,1
224,1 348,1 537,1 426,1 158,1 161,1 395,1 0,1
552,1 428,1 430,1 448,1 429,1 427,1 0,0 0,1
442,1 348,1 347,2 411,3 351,2 414,1 409,2 0,1
224,1 348,1 426,1 359,1 341,1 358,1 346,1 0,1
224,1 361,1 542,1 196,1 359,1 358,1 346,1 0,1
552,2 348,2 387,1 394,1 424,1 351,2 237,1 0,1
554,1 413,3 427,1 455,2 411,3 457,2 414,2 0,1
224,1 361,1 354,1 138,1 357,1 141,1 136,1 0,1
224,1 348,1 139,1 141,1 358,1 359,1 0,0 0,1
224,1 348,1 426,1 163,1 158,1 161,1 0,0 0,1
224,1 184,1 373,1 371,1 346,1 0,0 0,0 0,1
552,1 514,1 543,1 541,1 0,0 0,0 0,0 0,1
442,1 348,2 490,3 457,2 346,2 382,1 0,0 0,1
224,1 436,1 359,1 424,1 357,1 138,1 427,1 0,1
442,1 348,2 457,2 287,1 351,2 0,0 0,0 0,1
224,1 542,1 492,1 424,1 0,0 0,0 0,0 0,1
552,1 361,1 0,0 0,0 0,0 0,0 0,0 0,1
552,2 514,2 542,1 513,1 544,2 0,0 0,0 0,1
291,1 413,3 151,1 485,1 422,1 0,0 0,0 0,1
552,2 514,3 543,3 513,1 0,0 0,0 0,0 0,1
224,1 140,1 141,1 138,1 359,1 429,1 427,1 0,1
224,1 184,1 427,1 346,1 371,1 183,1 426,1 0,1
224,1 140,1 357,1 138,1 135,1 428,1 0,0 0,1
552,1 264,1 287,1 306,1 387,1 424,1 0,0 0,1
552,1 409,1 0,0 0,0 0,0 0,0 0,0 0,3
224,1 348,1 346,1 417,1 415,1 409,1 0,0 0,1
224,1 348,1 415,1 344,1 195,1 0,0 0,0 0,1
552,2 542,1 315,1 514,3 351,2 380,1 0,0 0,1
442,1 413,3 150,1 344,2 411,3 351,2 414,2 0,1
442,1 348,1 347,2 337,3 382,3 346,2 0,0 0,1
224,1 184,1 346,1 371,1 427,1 183,1 426,1 0,1
224,1 361,1 138,1 141,1 359,1 427,1 357,1 0,1
552,2 514,3 543,2 546,1 513,1 0,0 0,0 0,1
224,1 348,1 490,1 457,1 357,1 353,1 0,0 0,1
224,1 348,1 490,1 545,1 0,0 0,0 0,0 0,1
552,2 533,2 532,2 546,1 0,0 0,0 0,0 0,1
224,1 184,1 185,1 371,1 183,1 427,1 0,0 0,1
224,1 361,1 360,1 358,1 356,1 138,1 0,0 0,1
224,1 361,1 354,1 357,1 359,1 141,1 0,0 0,1
224,1 184,1 179,1 371,1 185,1 0,0 0,0 0,2
224,1 361,1 359,1 424,1 138,1 357,1 353,1 0,1
224,2 339,1 381,1 387,2 424,1 337,1 351,1 0,1
224,1 346,1 184,1 371,1 424,1 0,0 0,0 0,1
224,1 348,1 344,1 411,1 346,1 414,1 0,0 0,1
224,1 361,1 359,1 139,1 135,1 357,1 0,0 0,2
552,1 315,1 514,1 371,1 0,0 0,0 0,0 0,2
224,1 348,1 347,1 341,1 346,1 141,1 0,0 0,2
442,1 436,1 338,2 385,2 351,1 346,2 0,0 0,2
224,1 348,1 415,1 424,1 344,1 414,1 0,0 0,1
224,2 348,1 555,1 426,2 161,1 158,1 346,2 0,1
224,2 348,2 542,2 402,2 346,2 427,1 395,3 0,1
224,2 348,1 455,1 344,1 411,1 414,2 346,1 0,1
552,2 348,2 315,1 380,1 367,3 0,0 0,0 0,1
442,1 342,1 457,2 341,2 357,3 0,0 0,0 0,1
224,1 337,1 339,1 351,1 387,1 424,1 381,1 0,1
240,1 348,1 337,2 338,1 346,1 382,1 0,0 0,4
442,1 146,1 347,2 343,3 423,3 344,2 0,0 0,1
442,1 231,1 459,1 338,1 346,2 392,1 0,0 0,1
442,1 348,2 344,2 417,2 426,3 427,1 0,0 0,1
262,1 348,1 337,1 338,1 346,1 351,1 0,0 0,1
224,1 184,1 371,1 457,1 369,1 0,0 0,0 0,1
442,1 348,2 351,2 397,3 401,2 0,0 0,0 0,2
442,1 348,2 347,2 411,3 344,2 414,1 0,0 0,1
442,1 491,2 490,3 457,2 428,1 546,1 0,0 0,1
442,1 361,1 357,1 359,1 525,1 351,2 0,0 0,1
224,2 348,1 345,1 344,2 346,2 0,0 0,0 0,1
224,2 436,1 138,1 457,2 357,3 141,1 346,2 0,1
291,1 436,1 545,1 424,2 0,0 0,0 0,0 0,1
442,1 361,1 354,3 357,3 490,1 351,1 0,0 0,1
442,1 348,2 351,2 397,1 401,1 0,0 0,0 0,1
442,1 348,2 344,2 419,2 426,3 0,0 0,0 0,1
552,2 514,3 544,3 515,2 0,0 0,0 0,0 0,1
224,1 343,1 414,1 345,1 415,1 411,1 351,1 0,1
552,1 514,1 542,1 513,1 541,1 0,0 0,0 0,1
291,1 348,2 382,3 385,3 0,0 0,0 0,0 0,1
262,1 348,1 457,1 411,1 344,1 414,1 0,0 0,1
442,1 436,1 427,1 242,1 351,2 546,1 426,1 0,1
224,1 361,1 341,1 346,1 141,1 353,1 357,1 0,1
224,1 348,1 359,1 357,1 457,1 353,1 0,0 0,1
224,1 340,1 341,1 346,1 358,1 359,1 457,1 0,1
442,1 343,3 242,1 423,3 346,2 414,1 0,0 0,1
224,1 348,1 359,1 341,1 357,1 353,1 0,0 0,1
240,1 348,1 345,1 411,1 344,1 0,0 0,0 0,1
224,1 436,1 427,1 457,1 351,1 346,1 401,1 0,1
552,2 514,1 542,1 543,2 513,1 0,0 0,0 0,1
442,1 334,3 450,1 369,3 380,1 0,0 0,0 0,1
291,1 436,1 459,2 490,3 168,3 351,2 394,1 0,1
442,1 376,1 371,2 379,1 426,3 0,0 0,0 0,1
224,2 348,1 542,2 402,1 346,2 395,3 427,1 0,1
503,1 492,1 542,1 424,2 366,1 0,0 0,0 0,1
262,1 348,1 347,1 542,1 344,1 414,1 0,0 0,1
224,1 542,1 346,1 348,1 402,1 395,1 427,1 0,1
552,1 353,1 0,0 0,0 0,0 0,0 0,0 0,7
552,2 514,2 542,2 543,3 515,2 0,0 0,0 0,1
224,1 542,1 346,1 348,1 427,1 402,1 395,1 0,1
442,1 348,2 457,2 344,1 351,2 414,1 0,0 0,1
552,1 514,1 543,1 544,1 0,0 0,0 0,0 0,1
224,1 361,1 354,1 359,1 357,1 138,1 426,1 0,2
552,1 367,1 0,0 0,0 0,0 0,0 0,0 0,1
224,1 361,1 427,1 359,1 138,1 424,1 357,1 0,1
240,2 348,2 339,1 0,0 0,0 0,0 0,0 0,1
224,1 436,1 421,1 448,1 414,1 344,1 0,0 0,1
552,1 514,1 543,1 0,0 0,0 0,0 0,0 0,1
552,1 426,1 0,0 0,0 0,0 0,0 0,0 0,1
224,1 361,1 353,1 358,1 359,1 360,1 426,1 0,1
224,1 184,1 426,1 371,1 185,1 183,1 367,1 0,1
552,2 515,2 543,3 349,3 0,0 0,0 0,0 0,1
224,1 353,1 361,1 359,1 138,1 141,1 357,1 0,2
552,2 515,2 543,3 349,1 0,0 0,0 0,0 0,1
224,1 514,1 346,1 380,1 184,1 371,1 427,1 0,2
291,1 339,1 175,1 385,3 394,1 0,0 0,0 0,1
224,2 542,1 342,1 346,2 359,1 358,1 555,1 0,1
442,1 348,1 401,1 542,1 351,1 346,2 0,0 0,1
554,1 348,2 424,3 344,2 346,2 420,1 0,0 0,2
442,1 348,2 546,2 344,2 420,2 411,3 351,2 0,1
224,1 348,1 542,1 359,1 346,1 358,1 364,1 0,1
552,2 391,1 387,1 351,2 306,2 0,0 0,0 0,1
442,1 231,1 459,1 338,2 346,2 392,1 0,0 0,1
442,1 542,2 434,1 347,2 387,2 457,2 394,1 0,1
552,1 521,1 543,1 0,0 0,0 0,0 0,0 0,1
224,1 361,1 542,1 357,1 359,1 427,1 138,1 0,1
442,1 361,1 542,1 359,1 525,1 358,1 364,1 0,1
552,2 514,3 543,3 515,3 0,0 0,0 0,0 0,1
